0,1.2452721192097411,-342.75472788079026,2900.0,2556.0
1,2.469778622410122,-321.5302213775899,2936.0,2612.0
2,3.6737456289361345,-314.32625437106384,2904.0,2586.0
3,4.857391860781721,-303.1426081392183,2888.0,2580.0
4,6.020928696409155,-283.97907130359084,2854.0,2564.0
5,7.164560233516546,-247.83543976648346,2792.0,2537.0
6,8.288483360846772,-226.71151663915322,2738.0,2503.0
7,9.39288783910785,-185.60711216089214,2682.0,2487.0
8,10.477956391061193,-168.52204360893882,2674.0,2495.0
9,11.543864800819772,-152.45613519918024,2676.0,2512.0
10,12.59078202238358,-150.4092179776164,2664.0,2501.0
11,13.618870297424468,-134.38112970257552,2650.0,2502.0
12,14.628285282316732,-138.37171471768326,2646.0,2493.0
13,15.619176184393654,-141.38082381560633,2638.0,2481.0
14,16.591685907393583,-120.40831409260642,2620.0,2483.0
15,17.545951206042226,-96.45404879395778,2576.0,2462.0
16,18.48210284970037,-82.51789715029963,2558.0,2457.0
17,19.400265794988616,-107.59973420501139,2592.0,2465.0
18,20.300559367282673,-92.69944063271733,2608.0,2495.0
19,21.18309745095455,-90.81690254904545,2612.0,2500.0
20,22.047988688216332,-87.95201131178366,2606.0,2496.0
21,22.895336686404782,-81.10466331359521,2592.0,2488.0
22,23.72524023352581,-78.27475976647419,2586.0,2484.0
23,24.537793521859214,-71.46220647814079,2576.0,2480.0
24,25.333086379404808,-67.6669136205952,2580.0,2487.0
25,26.111204508932197,-67.88879549106781,2574.0,2480.0
26,26.87222973437721,-65.12777026562279,2578.0,2486.0
27,27.616240254309176,-75.38375974569082,2588.0,2485.0
28,28.343310902174505,-76.65668909782549,2588.0,2483.0
29,29.05351341300298,-70.94648658699703,2606.0,2506.0
30,29.746916696245176,-66.25308330375482,2628.0,2532.0
31,30.42358711439088,-66.57641288560912,2612.0,2515.0
32,31.083588767001103,-67.9164112329989,2588.0,2489.0
33,31.72698377976796,-72.27301622023204,2600.0,2496.0
34,32.35383259820065,-78.64616740179935,2598.0,2487.0
35,32.96419428551874,-95.03580571448126,2584.0,2456.0
36,33.55812682431812,24.558126824318123,2588.0,2579.0
37,34.13568742155966,17.13568742155966,2586.0,2569.0
38,34.69693281641604,-0.3030671835839627,2568.0,2533.0
39,35.24191959049832,-11.75808040950168,2556.0,2509.0
40,35.770704479970476,-14.229295520029524,2534.0,2484.0
41,36.283344689047794,-6.716655310952206,2514.0,2471.0
42,36.77989820436401,6.7798982043640095,2494.0,2464.0
43,37.260424109680876,18.260424109680876,2506.0,2487.0
44,37.72498290040486,25.72498290040486,2512.0,2500.0
45,38.17363679736698,29.17363679736698,2512.0,2503.0
46,38.606450059314156,26.606450059314156,2526.0,2514.0
47,39.023489293554576,23.023489293554576,2514.0,2498.0
48,39.42482376419402,15.424823764194016,2510.0,2486.0
49,39.810525697396216,12.810525697396216,2514.0,2487.0
50,40.180670583097736,21.180670583097736,2538.0,2519.0
51,40.53533747260638,32.53533747260638,2560.0,2552.0
52,40.87460927151158,20.87460927151158,2546.0,2526.0
53,41.19857302733696,13.198573027336963,2528.0,2500.0
54,41.50732021136728,6.507320211367279,2490.0,2455.0
55,41.80094699408592,16.80094699408592,2494.0,2469.0
56,42.079554513664455,3.079554513664455,2484.0,2445.0
57,42.34324913695221,-17.65675086304779,2466.0,2406.0
58,42.59214271242169,-16.40785728757831,2426.0,2367.0
59,42.82635281453556,-14.17364718546444,2410.0,2353.0
60,43.04600297901072,-26.953997020989277,2394.0,2324.0
61,43.251222928468316,-22.748777071531684,2374.0,2308.0
62,43.442148787970936,-24.557851212029064,2370.0,2302.0
63,43.61892328996378,-30.38107671003622,2354.0,2280.0
64,43.78169596815264,-42.21830403184736,2378.0,2292.0
65,43.93062333986872,-39.06937666013128,2404.0,2321.0
66,44.06586907648962,-38.93413092351038,2398.0,2315.0
67,44.18760416150515,-37.81239583849485,2394.0,2312.0
68,44.296007035838585,-36.703992964161415,2400.0,2319.0
69,44.39126373005559,-36.60873626994441,2378.0,2297.0
70,44.473567983117334,-41.526432016882666,2366.0,2280.0
71,44.54312134735781,-49.45687865264219,2402.0,2308.0
72,44.600133279392,-57.399866720608,2424.0,2322.0
73,44.64482121668728,-56.35517878331272,2466.0,2365.0
74,44.67741063955793,-62.32258936044207,2496.0,2389.0
75,44.698135118370914,-62.301864881629086,2513.0,2406.0
76,44.70723634578005,-69.29276365421995,2487.0,2373.0
77,44.70496415383484,-73.29503584616516,2478.0,2360.0
78,44.69157651584079,-76.30842348415922,2521.0,2400.0
79,44.66733953287851,-85.33266046712149,2551.0,2421.0
80,44.632527404920104,-68.3674725950799,2544.0,2431.0
81,44.58742238651212,-51.41257761348788,2510.0,2414.0
82,44.532314727027085,-42.467685272972915,2491.0,2404.0
83,44.46750259551667,-46.53249740448333,2510.0,2419.0
84,44.3932919902312,-52.6067080097688,2500.0,2403.0
85,44.309996632903164,-57.690003367096836,2493.0,2391.0
86,44.21793784792306,-59.78206215207694,2467.0,2363.0
87,44.11744442656781,-63.88255557343219,2469.0,2361.0
88,44.008852476473756,-63.991147523526244,2469.0,2361.0
89,43.89250525657649,-56.10749474342351,2446.0,2346.0
90,43.768752997770434,-56.231247002229566,2420.0,2320.0
91,43.63795270957109,-54.36204729042891,2430.0,2332.0
92,43.50046797309217,-57.49953202690783,2443.0,2342.0
93,43.35666872067798,-64.64333127932201,2448.0,2340.0
94,43.206931002559486,-64.79306899744051,2472.0,2364.0
95,43.0516367409294,-66.94836325907059,2465.0,2355.0
96,42.891173471856945,-62.108826528143055,2464.0,2359.0
97,42.72593407548848,-63.27406592451152,2455.0,2349.0
98,42.55631649500355,-63.44368350499645,2471.0,2365.0
99,42.38272344481833,-63.61727655518167,2477.0,2371.0
100,42.20556210855024,-65.79443789144976,2471.0,2363.0
101,42.025243827276874,-65.97475617272312,2454.0,2346.0
102,41.842183778641946,-64.15781622135805,2447.0,2341.0
103,41.65680064737722,-63.34319935262278,2438.0,2333.0
104,41.46951628782642,-63.53048371217358,2449.0,2344.0
105,41.280755379070186,-69.71924462092981,2451.0,2340.0
106,41.09094507326541,-74.9090549267346,2465.0,2349.0
107,40.900514637822305,-65.09948536217769,2427.0,2321.0
108,40.7098950920535,-62.2901049079465,2396.0,2293.0
109,40.51951883893655,-62.48048116106345,2369.0,2266.0
110,40.32981929263894,-56.67018070736106,2328.0,2231.0
111,40.141230502458725,-54.858769497541275,2333.0,2238.0
112,39.95418677383784,-56.04581322616216,2347.0,2251.0
113,39.76912228710692,-54.23087771289308,2328.0,2234.0
114,39.58647071462044,-52.41352928537956,2331.0,2239.0
115,39.40666483693977,-46.59333516306023,2313.0,2227.0
116,39.23013615871881,-36.76986384128119,2297.0,2221.0
117,39.057314524942306,-35.942685475057694,2281.0,2206.0
118,38.88862773816121,-49.11137226183879,2219.0,2131.0
119,38.7245011773617,-42.2754988226383,2211.0,2130.0
120,38.56535741909585,-37.43464258090415,2190.0,2114.0
121,38.41161586149158,-42.58838413850842,2215.0,2134.0
122,38.26369235174797,-42.73630764825203,2146.0,2065.0
123,38.12199881770901,-47.87800118229099,2077.0,1991.0
124,37.98694290409488,-38.01305709590512,2015.0,1939.0
125,37.85892761395428,-33.14107238604572,2046.0,1975.0
126,37.738350955885316,-15.261649044114684,2086.0,2033.0
127,37.62560559755427,5.625605597554269,2045.0,2013.0
128,37.521078526023956,73.52107852602396,2037.0,2073.0
129,37.4251507153827,69.4251507153827,2025.0,2057.0
130,37.33819680214623,50.33819680214623,2021.0,2034.0
131,37.260584768882104,56.260584768882104,2025.0,2044.0
132,37.19267563648558,64.19267563648557,2065.0,2092.0
133,37.13482316551281,53.13482316551281,2085.0,2101.0
134,37.08737356695445,48.08737356695445,2042.0,2053.0
135,37.05066522280892,47.05066522280892,2028.0,2038.0
136,37.02502841679092,51.02502841679092,2034.0,2048.0
137,37.01078507548627,64.01078507548627,2049.0,2076.0
138,37.0082485202393,66.0082485202393,2045.0,2074.0
139,37.017723230034605,73.0177232300346,2062.0,2098.0
140,37.03950461560961,83.03950461560962,2051.0,2097.0
141,37.07387880500942,69.07387880500943,2060.0,2092.0
142,37.12112244077044,68.12112244077045,2068.0,2099.0
143,37.18150248889393,37.18150248889393,2085.0,2085.0
144,37.25527605974609,29.255276059746087,2101.0,2093.0
145,37.34269024099625,15.342690240996248,2103.0,2081.0
146,37.443981942680445,15.443981942680445,2083.0,2061.0
147,37.559377754453095,16.559377754453095,2071.0,2050.0
148,37.689093815066194,17.689093815066194,2081.0,2061.0
149,37.83333569409142,29.833335694091417,2069.0,2061.0
150,37.99229828587785,29.99229828587785,2097.0,2089.0
151,38.166165715715614,29.166165715715614,2094.0,2085.0
152,38.35511125815315,20.35511125815315,2092.0,2074.0
153,38.55929726739546,19.559297267395458,2077.0,2058.0
154,38.77887511968876,16.778875119688763,2059.0,2037.0
155,39.013985167577964,30.013985167577964,2042.0,2033.0
156,39.26475670590304,33.26475670590304,2038.0,2032.0
157,39.53130794938226,23.53130794938226,1985.0,1969.0
158,39.81374602161214,31.81374602161214,1949.0,1941.0
159,40.11216695529662,31.112166955296622,1962.0,1953.0
160,40.4266557035018,34.4266557035018,1964.0,1958.0
161,40.7572861617168,37.7572861617168,1984.0,1981.0
162,41.10412120048693,34.10412120048693,1967.0,1960.0
163,41.46721270837076,37.46721270837076,1962.0,1958.0
164,41.8466016449604,36.8466016449604,1962.0,1957.0
165,42.24231810369166,29.24231810369166,1938.0,1925.0
166,42.65438138415942,36.65438138415942,1935.0,1929.0
167,43.082800073643554,38.082800073643554,1968.0,1963.0
168,43.52757213754067,35.52757213754067,1961.0,1953.0
169,43.98868501838853,32.98868501838853,1967.0,1956.0
170,44.466115743162526,28.466115743162526,1951.0,1935.0
171,44.9598310385161,34.9598310385161,1933.0,1923.0
172,45.46978745363168,38.46978745363168,1933.0,1926.0
173,45.9959314903432,35.9959314903432,1945.0,1935.0
174,46.53819974018707,33.53819974018707,1939.0,1926.0
175,47.096519028035644,30.096519028035644,1925.0,1908.0
176,47.67080656196392,31.67080656196392,1911.0,1895.0
177,48.26097008899957,26.26097008899957,1913.0,1891.0
178,48.86690805640498,25.86690805640498,1918.0,1895.0
179,49.488509778140234,27.488509778140234,1920.0,1898.0
180,50.12565560615754,25.125655606157537,1896.0,1871.0
181,50.778217106178346,21.778217106178346,1868.0,1839.0
182,51.44605723760799,15.446057237607988,1862.0,1826.0
183,52.12903053724548,22.129030537245477,1863.0,1833.0
184,52.82698330645058,24.82698330645058,1872.0,1844.0
185,53.53975380143551,23.53975380143551,1884.0,1854.0
186,54.267172426353284,15.267172426353284,1870.0,1831.0
187,55.00906192886295,11.009061928862948,1877.0,1833.0
188,55.76523759785772,12.76523759785772,1878.0,1835.0
189,56.53550746305034,14.535507463050337,1870.0,1828.0
190,57.319672496119274,23.319672496119274,1855.0,1821.0
191,58.11752681312766,14.117526813127661,1848.0,1804.0
192,58.928857877937794,10.928857877937794,1848.0,1800.0
193,59.75344670635343,15.75344670635343,1852.0,1808.0
194,60.59106807073487,17.59106807073487,1839.0,1796.0
195,61.441490704841925,23.441490704841925,1839.0,1801.0
196,62.304477508673344,37.304477508673344,1831.0,1806.0
197,63.17978575308352,35.17978575308352,1820.0,1792.0
198,64.06716728397076,39.06716728397076,1818.0,1793.0
199,64.96636872584529,35.966368725845285,1816.0,1787.0
200,65.87713168459881,33.87713168459881,1820.0,1788.0
201,66.7991929493131,47.799192949313095,1801.0,1782.0
202,67.7322846929583,56.7322846929583,1788.0,1777.0
203,68.67613467184906,67.67613467184906,1780.0,1779.0
204,69.63046642373935,86.63046642373935,1770.0,1787.0
205,70.5949994644555,88.5949994644555,1781.0,1799.0
206,71.56944948298013,83.56944948298013,1786.0,1798.0
207,72.55352853491772,84.55352853491772,1773.0,1785.0
208,73.54694523428682,70.54694523428682,1770.0,1767.0
209,74.54940494360183,56.54940494360183,1779.0,1761.0
210,75.56060996222152,56.56060996222152,1777.0,1758.0
211,76.58025971295862,51.58025971295862,1777.0,1752.0
212,77.60805092696049,47.60805092696049,1770.0,1740.0
213,78.64367782688521,47.64367782688521,1740.0,1709.0
214,79.68683230841498,50.68683230841498,1731.0,1702.0
215,80.73720412016155,45.73720412016155,1705.0,1670.0
216,81.7944810420345,31.794481042034505,1713.0,1663.0
217,82.8583490621565,19.858349062156506,1739.0,1676.0
218,83.92849255242398,25.928492552423975,1749.0,1691.0
219,85.00459444282404,29.004594442824043,1724.0,1668.0
220,86.08633639463199,33.086336394631985,1690.0,1637.0
221,87.17339897262404,32.17339897262404,1685.0,1630.0
222,88.26546181645267,24.26546181645267,1721.0,1657.0
223,89.36220381134052,20.36220381134052,1718.0,1649.0
224,90.4633032582595,10.4633032582595,1723.0,1643.0
225,91.56843804376933,10.568438043769333,1742.0,1661.0
226,92.67728580969718,18.67728580969718,1729.0,1655.0
227,93.78952412284696,21.789524122846956,1730.0,1658.0
228,94.9048306449322,13.904830644932204,1733.0,1652.0
229,96.02288330292924,1.0228833029292446,1746.0,1651.0
230,97.1433604600525,-20.856639539947494,1777.0,1659.0
231,98.26594108755387,-21.73405891244613,1790.0,1670.0
232,99.39030493754925,-32.609695062450754,1795.0,1663.0
233,100.51613271707461,-47.48386728292539,1831.0,1683.0
234,101.64310626357161,-50.35689373642839,1848.0,1696.0
235,102.77090872199975,-52.229091278000254,1892.0,1737.0
236,103.89922472376671,-30.100775276233293,1873.0,1739.0
237,105.02774056766309,-29.972259432336912,1853.0,1718.0
238,106.15614440297917,-35.843855597020834,1869.0,1727.0
239,107.2841264149739,-29.715873585026102,1866.0,1729.0
240,108.41137901285452,-21.588620987145475,1863.0,1733.0
241,109.53759702041454,-25.462402979585463,1900.0,1765.0
242,110.66247786946434,-31.33752213053566,1929.0,1787.0
243,111.78572179617478,-48.21427820382522,1949.0,1789.0
244,112.90703204043777,-39.09296795956223,1949.0,1797.0
245,114.02611504833183,-45.97388495166817,1938.0,1778.0
246,115.14268067776192,-50.857319322238084,1942.0,1776.0
247,116.25644240732329,-33.74355759267671,1926.0,1776.0
248,117.3671175484198,-17.6328824515802,1896.0,1761.0
249,118.47442746064445,2.474427460644449,1878.0,1762.0
250,119.5780977704075,4.578097770407496,1865.0,1750.0
251,120.67785859277558,4.6778585927755785,1859.0,1743.0
252,121.77344475645852,-1.2265552435414833,1868.0,1745.0
253,122.86459603185808,-2.1354039681419152,1899.0,1774.0
254,123.95105736206538,4.951057362065384,1926.0,1807.0
255,125.0325790966677,10.032579096667703,1942.0,1827.0
256,126.10891722819957,18.108917228199573,1934.0,1826.0
257,127.17983363104466,15.179833631044659,1925.0,1813.0
258,128.24509630256858,16.245096302568584,1941.0,1829.0
259,129.30447960623388,25.304479606233883,1945.0,1841.0
260,130.3577645164216,32.35776451642161,1938.0,1840.0
261,131.40473886465688,41.40473886465688,1948.0,1858.0
262,132.44519758690575,53.44519758690575,1920.0,1841.0
263,133.47894297158737,41.47894297158737,1907.0,1815.0
264,134.5057849079142,36.505784907914204,1929.0,1831.0
265,135.52554113415104,27.52554113415104,1920.0,1812.0
266,136.53803748535395,33.538037485353954,1922.0,1819.0
267,137.54310814012905,37.54310814012905,1942.0,1842.0
268,138.5405958659236,34.54059586592359,1946.0,1842.0
269,139.53035226234124,41.53035226234124,1958.0,1860.0
270,140.51223800195035,42.51223800195035,1969.0,1871.0
271,141.48612306803264,41.48612306803264,1964.0,1864.0
272,142.4518869887029,35.45188698870291,1968.0,1861.0
273,143.40941906680794,40.40941906680794,1984.0,1881.0
274,144.3586186050007,42.358618605000686,2036.0,1934.0
275,145.29939512536887,14.299395125368875,2072.0,1941.0
276,146.2316685829826,20.231668582982593,2052.0,1926.0
277,147.1553695727172,23.155369572717206,2065.0,1941.0
278,148.07043952869557,19.070439528695573,2045.0,1916.0
279,148.97683091568712,22.976830915687117,2065.0,1939.0
280,149.87450741179615,34.874507411796145,2097.0,1982.0
281,150.76344408176666,40.763444081766664,2106.0,1996.0
282,151.6436275402307,8.64362754023071,2126.0,1983.0
283,152.5150561042278,-21.484943895772204,2149.0,1975.0
284,153.37773993432538,-27.622260065674624,2213.0,2032.0
285,154.23170116367587,-42.768298836324135,2344.0,2147.0
286,155.0769740143514,12.076974014351407,2240.0,2097.0
287,155.91360490031104,14.913604900311043,2288.0,2147.0
288,156.74165251636109,-46.258347483638914,2256.0,2053.0
289,157.5611879124882,-59.43881208751179,2241.0,2024.0
290,158.37229455295912,-41.62770544704088,2183.0,1983.0
291,159.17506835959747,-16.824931640402525,2169.0,1993.0
292,159.96961773867403,-25.03038226132597,2232.0,2047.0
293,160.75606359086194,-29.24393640913806,2309.0,2119.0
294,161.53453930373945,-41.46546069626055,2348.0,2145.0
295,162.30519072634746,-40.69480927365254,2364.0,2161.0
296,163.06817612533595,-34.93182387466405,2393.0,2195.0
297,163.82366612226625,-46.176333877733754,2354.0,2144.0
298,164.5718436116686,-55.42815638833139,2363.0,2143.0
299,165.312903659486,-56.68709634051399,2405.0,2183.0
300,166.0470533815746,-55.952946618425386,2370.0,2148.0
301,166.77451180196456,-66.22548819803544,2352.0,2119.0
302,167.49550969062676,-69.50449030937324,2359.0,2122.0
303,168.21028938052945,-97.78971061947055,2433.0,2167.0
304,168.91910456380987,-154.08089543619013,2503.0,2180.0
305,169.62222006692906,-166.37777993307094,2520.0,2184.0
306,170.3199116047199,-163.6800883952801,2521.0,2187.0
307,171.01246551328458,-205.98753448671542,2566.0,2189.0
308,171.70017846174014,-206.29982153825986,2641.0,2263.0
309,172.38335714285697,-16.616642857143034,2501.0,2312.0
310,173.06231794268274,-27.93768205731726,2567.0,2366.0
311,173.73738658928613,-12.262613410713868,2536.0,2350.0
312,174.40889778080603,-0.5911022191939708,2493.0,2318.0
313,175.07719479303384,-18.92280520696616,2547.0,2353.0
314,175.74262906680573,-41.25737093319427,2663.0,2446.0
315,176.40555977552592,-54.594440224474084,2792.0,2561.0
316,177.06635337318932,-6.933646626810685,2892.0,2708.0
317,177.72538312331463,-25.27461687668537,2855.0,2652.0
318,178.38302860924716,-23.616971390752838,2857.0,2655.0
319,179.0396752263302,15.03967522633019,2760.0,2596.0
320,179.6957136564904,48.6957136564904,2650.0,2519.0
321,180.35153932582315,29.351539325823154,2658.0,2507.0
322,181.0075518458042,11.007551845804187,2737.0,2567.0
323,181.66415443879447,50.66415443879447,2601.0,2470.0
324,182.32175334854395,49.32175334854395,2540.0,2407.0
325,182.9807572364359,32.98075723643589,2506.0,2356.0
326,183.6415765642494,41.64157656424939,2456.0,2314.0
327,184.3046229642525,36.3046229642525,2405.0,2257.0
328,184.97030859746937,34.97030859746937,2274.0,2124.0
329,185.63904550099588,30.639045500995877,2307.0,2152.0
330,186.31124492526789,27.311244925267886,2287.0,2128.0
331,186.98731666221164,25.98731666221164,2198.0,2037.0
332,187.66766836523146,5.667668365231464,2235.0,2053.0
333,188.35270486201347,-2.647295137986532,2267.0,2076.0
334,189.04282746114393,8.04282746114393,2273.0,2092.0
335,189.7384332535603,5.738433253560288,2231.0,2047.0
336,190.43991440987014,2.4399144098701413,2242.0,2054.0
337,191.14765747458642,12.147657474586424,2162.0,1983.0
338,191.86204265834232,3.862042658342318,2129.0,1941.0
339,192.58344312915784,-2.4165568708421574,2136.0,1941.0
340,193.31222430383733,1.3122243038373256,2132.0,1940.0
341,194.04874314058787,-19.951256859412126,2201.0,1987.0
342,194.79334743394548,-35.206652566054515,2224.0,1994.0
343,195.5463751131061,-34.45362488689389,2229.0,1999.0
344,196.30815354474998,-10.691846455250015,2168.0,1961.0
345,197.07899884145255,-14.921001158547455,2171.0,1959.0
346,197.8592151767666,1.859215176766611,2176.0,1980.0
347,198.6490941080558,7.649094108055806,2222.0,2031.0
348,199.44891390815093,-3.551086091849072,2277.0,2074.0
349,200.2589389068901,-9.741061093109892,2290.0,2080.0
350,201.07941884359317,10.079418843593174,2345.0,2154.0
351,201.91058823150462,20.91058823150462,2306.0,2125.0
352,202.75266573522694,20.75266573522694,2257.0,2075.0
353,203.60585356214523,16.605853562145228,2273.0,2086.0
354,204.47033686882978,26.470336868829776,2232.0,2054.0
355,205.34628318337835,26.346283183378347,2253.0,2074.0
356,206.2338418446422,27.2338418446422,2264.0,2085.0
357,207.13314345925357,26.133143459253574,2296.0,2115.0
358,208.04429937734977,41.04429937734977,2312.0,2145.0
359,208.96740118786366,38.96740118786366,2310.0,2140.0
360,209.90252023422076,37.90252023422076,2382.0,2210.0
361,210.8497071512592,34.849707151259196,2441.0,2265.0
362,211.80899142415666,32.80899142415666,2429.0,2250.0
363,212.7803809701202,40.780380970120206,2467.0,2295.0
364,213.76386174356293,57.76386174356293,2500.0,2344.0
365,214.75939736546303,64.75939736546303,2562.0,2412.0
366,215.7669287775633,81.7669287775633,2519.0,2385.0
367,216.78637392204251,83.78637392204251,2504.0,2371.0
368,217.8176274472521,46.81762744725211,2572.0,2401.0
369,218.8605604400802,63.86056044008021,2557.0,2402.0
370,219.91502018546987,61.91502018546987,2580.0,2422.0
371,220.9808299535857,63.9808299535857,2648.0,2491.0
372,222.05778881508476,73.05778881508476,2699.0,2550.0
373,223.14567148491662,86.14567148491662,2648.0,2511.0
374,224.24422819503965,82.24422819503965,2655.0,2513.0
375,225.35318459640692,98.35318459640692,2566.0,2439.0
376,226.47224169053823,92.47224169053823,2449.0,2315.0
377,227.60107579096234,81.60107579096234,2452.0,2306.0
378,228.73933851477483,57.73933851477483,2524.0,2353.0
379,229.8866568045243,42.88665680452431,2530.0,2343.0
380,231.04263298060465,24.04263298060465,2538.0,2331.0
381,232.20684482429533,12.206844824295331,2559.0,2339.0
382,233.3788456915573,15.378845691557302,2623.0,2405.0
383,234.55816465765866,41.558164657658665,2655.0,2462.0
384,235.7443066926695,49.74430669266951,2630.0,2444.0
385,236.93675286783142,37.936752867831416,2665.0,2466.0
386,238.13496059277398,52.13496059277398,2686.0,2500.0
387,239.33836388351875,65.33836388351875,2669.0,2495.0
388,240.54637366117387,66.54637366117387,2635.0,2461.0
389,241.75837808119746,63.75837808119746,2683.0,2505.0
390,242.97374289306816,56.97374289306816,2756.0,2570.0
391,244.19181183017324,72.19181183017324,2763.0,2591.0
392,245.41190702969516,77.41190702969516,2754.0,2586.0
393,246.6333294822407,80.6333294822407,2738.0,2572.0
394,247.85535951093064,73.85535951093064,2748.0,2574.0
395,249.07725727963643,81.07725727963643,2719.0,2551.0
396,250.2982633300199,71.29826333001989,2808.0,2629.0
397,251.51759914700003,3.517599147000027,2819.0,2571.0
398,252.73446775224676,1.7344677522467578,2793.0,2542.0
399,253.94805432526582,20.948054325265815,2772.0,2539.0
400,255.15752685161542,41.157526851615415,2786.0,2572.0
401,256.362036797763,16.362036797762983,2825.0,2585.0
402,257.5607198120643,22.560719812064292,2831.0,2596.0
403,258.7526964513165,8.752696451316524,2813.0,2563.0
404,259.93707293231193,-10.062927067688065,2811.0,2541.0
405,261.112941907788,-59.88705809221199,2797.0,2476.0
406,262.27938326614435,-100.72061673385565,2816.0,2453.0
407,263.43546495426847,-98.56453504573153,2784.0,2422.0
408,264.58024382278535,-73.41975617721465,2726.0,2388.0
409,265.7127664930189,29.712766493018876,2662.0,2426.0
410,266.83207024492623,19.83207024492623,2685.0,2438.0
411,267.9371839252394,38.937183925239424,2659.0,2430.0
412,269.0271288750231,50.027128875023095,2590.0,2371.0
413,270.10091987582723,24.10091987582723,2584.0,2338.0
414,271.1575661135943,10.157566113594328,2585.0,2324.0
415,272.1960721594468,22.196072159446828,2557.0,2307.0
416,273.2154389664603,-2.784561033539717,2548.0,2272.0
417,274.21466488149974,-13.785335118500257,2548.0,2260.0
418,275.19274667117315,-25.807253328826846,2536.0,2235.0
419,276.14868056092774,-4.851319439072256,2544.0,2263.0
420,277.08146328629334,0.08146328629334221,2536.0,2259.0
421,277.99009315525313,0.9900931552531347,2569.0,2292.0
422,278.8735711206918,-13.126428879308207,2590.0,2298.0
423,279.73090186185635,-15.269098138143647,2618.0,2323.0
424,280.56109487373527,-12.438905126264729,2575.0,2282.0
425,281.3631655632398,-19.636834436760182,2573.0,2272.0
426,282.1361363510529,-19.863863648947074,2608.0,2306.0
427,282.8790377779839,-4.1209622220160895,2551.0,2264.0
428,283.5909096146509,-12.409090385349089,2543.0,2247.0
429,284.2708019732891,-36.72919802671089,2630.0,2309.0
430,284.91777642046765,-74.08222357953235,2694.0,2335.0
431,285.5309070894737,-57.469092910526285,2691.0,2348.0
432,286.109281791111,-51.890718208888984,2716.0,2378.0
433,286.6520031216359,-13.347996878364086,2727.0,2427.0
434,287.15818956654766,-7.841810433452338,2716.0,2421.0
435,287.62697659892467,-20.37302340107533,2780.0,2472.0
436,288.05751777099425,-25.942482229005748,2786.0,2472.0
437,288.4489857976053,-28.551014202394697,2782.0,2465.0
438,288.80057363026623,-22.19942636973377,2780.0,2469.0
439,289.1114955203977,-27.888504479602318,2864.0,2547.0
440,289.3809880704473,-29.6190119295527,2865.0,2546.0
441,289.6083112715019,-38.39168872849808,2856.0,2528.0
442,289.7927495260321,-48.20725047396792,2883.0,2545.0
443,289.93361265439904,-58.06638734560096,2930.0,2582.0
444,290.0302368837569,-114.96976311624309,3012.0,2607.0
445,290.08198581797814,-163.91801418202186,3083.0,2629.0
446,290.08825138724063,-154.91174861275937,3091.0,2646.0
447,290.04845477591374,-112.95154522408626,3129.0,2726.0
448,289.9620473273941,-118.03795267260591,3207.0,2799.0
449,289.82851142454416,-91.17148857545584,3245.0,2864.0
450,289.6473613444077,-93.35263865559227,3326.0,2943.0
451,289.41814408588186,-79.58185591411814,3390.0,3021.0
452,289.14044016904774,-69.85955983095226,3402.0,3043.0
453,288.81386440487853,-93.18613559512147,3423.0,3041.0
454,288.43806663406525,-105.56193336593475,3324.0,2930.0
455,288.012732433726,-98.987267566274,3176.0,2789.0
456,287.5375837907882,-112.46241620921182,3185.0,2785.0
457,287.0123797408654,-118.98762025913459,3189.0,2783.0
458,286.43691697148085,-130.56308302851915,3153.0,2736.0
459,285.8110303885205,-153.18896961147948,3265.0,2826.0
460,285.134593644844,-194.86540635515598,3394.0,2914.0
461,284.4075196300082,-183.5924803699918,3416.0,2948.0
462,283.6297609201131,-171.37023907988691,3499.0,3044.0
463,282.8013101868138,-2.1986898131862063,3566.0,3281.0
464,281.92220056459405,-36.07779943540595,3544.0,3226.0
465,280.9925059754455,-37.00749402455449,3358.0,3040.0
466,280.0123414101459,-113.9876585898541,3481.0,3087.0
467,278.9818631653852,-63.01813683461478,3473.0,3131.0
468,277.9012690360448,-107.09873096395518,3532.0,3147.0
469,276.7707984619898,-137.22920153801022,3632.0,3218.0
470,275.59073262879957,-137.40926737120043,3750.0,3337.0
471,274.3613945219176,-92.63860547808241,3730.0,3363.0
472,273.08314893377195,-96.91685106622805,3695.0,3325.0
473,271.7564024234777,-89.24359757652229,3797.0,3436.0
474,270.3816032288031,-61.6183967711969,3798.0,3466.0
475,268.95924113014905,-66.04075886985095,3747.0,3412.0
476,267.48984726636127,-97.51015273363873,3733.0,3368.0
477,265.9739939022662,-104.02600609773378,3733.0,3363.0
478,264.4122941478934,-116.58770585210658,3633.0,3252.0
479,262.8054016294205,-135.1945983705795,3555.0,3157.0
480,261.1540101119528,-158.8459898880472,3578.0,3158.0
481,259.4588530743189,-135.54114692568112,3505.0,3110.0
482,257.7207032361456,-136.2792967638544,3406.0,3012.0
483,255.94037203754587,-124.05962796245413,3307.0,2927.0
484,254.11870907182836,-142.88129092817164,3328.0,2931.0
485,252.25660147171806,-156.74339852828194,3424.0,3015.0
486,250.35497324964408,-168.64502675035592,3370.0,2951.0
487,248.414784592733,-169.585215407267,3329.0,2911.0
488,246.43703111321523,-192.56296888678477,3353.0,2914.0
489,244.42274305502536,-192.57725694497464,3329.0,2892.0
490,242.3729844574527,-181.6270155425473,3377.0,2953.0
491,240.2888522767645,-141.7111477232355,3325.0,2943.0
492,238.17147546679675,-130.82852453320325,3329.0,2960.0
493,236.02201401957615,-154.97798598042385,3486.0,3095.0
494,233.8416579670995,-157.1583420329005,3564.0,3173.0
495,231.63162634546484,-160.36837365453516,3604.0,3212.0
496,229.39316612260933,-140.60683387739067,3577.0,3207.0
497,227.127551090969,-143.872448909031,3689.0,3318.0
498,224.8360807264337,-113.16391927356631,3664.0,3326.0
499,222.5200790150261,-128.4799209849739,3638.0,3287.0
500,220.18089324878562,-69.81910675121438,3552.0,3262.0
501,217.81989279238834,-57.180107207611655,3526.0,3251.0
502,215.43846782208175,-71.56153217791825,3461.0,3174.0
503,213.03802803855584,-78.96197196144416,3555.0,3263.0
504,210.620001355414,-77.37999864458601,3575.0,3287.0
505,208.18583256494446,-95.81416743505554,3643.0,3339.0
506,205.73698198292743,-67.26301801707257,3447.0,3174.0
507,203.27492407424322,-81.72507592575678,3382.0,3097.0
508,200.801146061076,-107.198853938924,3437.0,3129.0
509,198.3171465155306,-99.6828534844694,3496.0,3198.0
510,195.82443393849866,-100.17556606150134,3535.0,3239.0
511,193.32452532663046,-90.67547467336954,3576.0,3292.0
512,190.8189447292795,-95.18105527072049,3685.0,3399.0
513,188.30922179729643,-100.69077820270357,3708.0,3419.0
514,185.7968903255554,-100.20310967444459,3698.0,3412.0
515,183.28348679109848,-96.71651320890152,3701.0,3421.0
516,180.7705488887799,-86.2294511112201,3718.0,3451.0
517,178.2596140662892,-56.7403859337108,3752.0,3517.0
518,175.75221806042262,-31.24778193957738,3796.0,3589.0
519,173.24989343645822,13.249893436458223,3706.0,3546.0
520,170.75416813247745,29.754168132477446,3653.0,3512.0
521,168.2665640104524,68.26656401045241,3549.0,3449.0
522,165.7885954159005,55.78859541590049,3683.0,3573.0
523,163.32176774787612,66.32176774787612,3661.0,3564.0
524,160.86757604104628,88.86757604104628,3588.0,3516.0
525,158.42750356155946,128.42750356155946,3588.0,3558.0
526,156.0030204183851,141.0030204183851,3514.0,3499.0
527,153.59558219176208,170.59558219176208,3494.0,3511.0
528,151.20662858035442,159.20662858035442,3469.0,3477.0
529,148.83758206866733,161.83758206866733,3446.0,3459.0
530,146.48984661623444,161.48984661623444,3375.0,3390.0
531,144.16480637003554,125.16480637003554,3423.0,3404.0
532,141.8638244015567,135.8638244015567,3467.0,3461.0
533,139.58824146985154,185.58824146985154,3539.0,3585.0
534,137.33937481190839,189.33937481190839,3577.0,3629.0
535,135.1185169615736,189.1185169615736,3567.0,3621.0
536,132.92693459822397,160.92693459822397,3560.0,3588.0
537,130.76586742632236,-58.23413257367764,3565.0,3376.0
538,128.63652708693343,-86.36347291306657,3487.0,3272.0
539,126.54009610221331,-99.45990389778669,3395.0,3169.0
540,124.47772685382951,-99.52227314617049,3375.0,3151.0
541,122.45054059620323,-81.54945940379677,3355.0,3151.0
542,120.45962650540636,-61.54037349459364,3243.0,3061.0
543,118.50604076448131,80.50604076448131,3110.0,3072.0
544,116.5908056858935,64.5908056858935,3176.0,3124.0
545,114.71490887175943,66.71490887175943,3202.0,3154.0
546,112.87930241243724,85.87930241243724,3193.0,3166.0
547,111.08490212400065,134.08490212400065,3215.0,3238.0
548,109.33258682506053,143.33258682506053,3162.0,3196.0
549,107.62319765333675,82.62319765333675,3083.0,3058.0
550,105.95753742232516,48.95753742232516,3078.0,3021.0
551,104.33637001834666,61.336370018346656,3041.0,2998.0
552,102.76041983820978,79.76041983820978,2954.0,2931.0
553,101.23037126766219,71.23037126766219,2955.0,2925.0
554,99.74686820075478,55.746868200754776,2995.0,2951.0
555,98.3105136001884,46.3105136001884,2984.0,2932.0
556,96.92186909866535,47.921869098665354,2917.0,2868.0
557,95.58145464121775,37.581454641217746,2897.0,2839.0
558,94.28974816844007,61.28974816844007,2875.0,2842.0
559,93.04718534050798,63.04718534050798,2950.0,2920.0
560,91.85415930182404,62.85415930182404,2923.0,2894.0
561,90.71102048609099,46.71102048609099,2974.0,2930.0
562,89.61807646157413,45.618076461574134,3025.0,2981.0
563,88.57559181628115,44.57559181628115,3029.0,2985.0
564,87.5837880827521,46.58378808275209,3107.0,3066.0
565,86.64284370212238,67.64284370212238,3152.0,3133.0
566,85.75289402709278,99.75289402709278,3109.0,3123.0
567,84.91403136341383,107.91403136341383,2984.0,3007.0
568,84.12630504946759,126.12630504946759,2889.0,2931.0
569,83.38972157350793,145.38972157350793,2925.0,2987.0
570,82.70424472810122,185.70424472810123,2898.0,3001.0
571,82.06979580129101,219.069795801291,2919.0,3056.0
572,81.4862538039946,196.4862538039946,2915.0,3030.0
573,80.95345573312761,193.9534557331276,2887.0,3000.0
574,80.47119686993875,161.47119686993875,2900.0,2981.0
575,80.03923111302947,161.03923111302947,2902.0,2983.0
576,79.65727134552449,148.6572713455245,2997.0,3066.0
577,79.32498983585255,165.32498983585253,3034.0,3120.0
578,79.04201867159384,196.04201867159384,3069.0,3186.0
579,78.80795022584527,231.80795022584527,3172.0,3325.0
580,78.62233765555524,235.62233765555524,3163.0,3320.0
581,78.48469543127715,201.48469543127715,3135.0,3258.0
582,78.39449989779234,176.39449989779234,3156.0,3254.0
583,78.35118986505509,189.3511898650551,3101.0,3212.0
584,78.35416722891243,158.35416722891244,3101.0,3181.0
585,78.40279762105713,152.40279762105712,3020.0,3094.0
586,78.49641108767305,115.49641108767305,3020.0,3057.0
587,78.63430279623732,97.63430279623732,2970.0,2989.0
588,78.81573376994642,84.81573376994642,2935.0,2941.0
589,79.03993164923757,94.03993164923757,2950.0,2965.0
590,79.30609147987988,86.30609147987988,2965.0,2972.0
591,79.61337652711406,36.613376527114056,3035.0,2992.0
592,79.9609191153202,5.960919115320195,3104.0,3030.0
593,80.34782149269721,8.347821492697207,3067.0,2995.0
594,80.77315672043798,42.77315672043798,3036.0,2998.0
595,81.23596958588428,19.235969585884277,3142.0,3080.0
596,81.73527753914499,6.735277539144988,3188.0,3113.0
597,82.27007165266039,3.2700716526603912,3216.0,3137.0
598,82.83931760319005,-27.160682396809946,3229.0,3119.0
599,83.44195667569825,-51.55804332430175,3195.0,3060.0
600,84.07690678860483,-60.92309321139517,3232.0,3087.0
601,84.74306353986098,-66.25693646013902,3213.0,3062.0
602,85.4393012732992,-56.56069872670081,3257.0,3115.0
603,86.16447416469636,-46.83552583530364,3306.0,3173.0
604,86.91741732697407,-39.082582673025925,3384.0,3258.0
605,87.6969479339464,-8.303052066053596,3387.0,3291.0
606,88.50186636200533,25.50186636200533,3369.0,3306.0
607,89.33095734911873,42.330957349118734,3420.0,3373.0
608,90.18299117048834,60.182991170488336,3423.0,3393.0
609,91.05672483019805,75.05672483019805,3438.0,3422.0
610,91.95090326815158,98.95090326815158,3385.0,3392.0
611,92.86426058157411,73.86426058157411,3406.0,3387.0
612,93.79552126032156,77.79552126032156,3455.0,3439.0
613,94.74340143520958,88.74340143520958,3528.0,3522.0
614,95.70661013854107,82.70661013854107,3595.0,3582.0
615,96.68385057597494,77.68385057597494,3626.0,3607.0
616,97.67382140884212,67.67382140884212,3608.0,3578.0
617,98.67521804597773,34.67521804597773,3678.0,3614.0
618,99.68673394409412,38.686733944094115,3676.0,3615.0
619,100.7070619156833,35.7070619156833,3711.0,3646.0
620,101.73489544339058,6.7348954433905845,3677.0,3582.0
621,102.76892999975895,-6.231070000241047,3615.0,3506.0
622,103.80786437120064,20.807864371200637,3590.0,3507.0
623,104.85040198500576,31.85040198500576,3613.0,3540.0
624,105.8952522381512,28.8952522381512,3668.0,3591.0
625,106.9411318266323,29.9411318266323,3630.0,3553.0
626,107.98676607398764,9.986766073987638,3663.0,3565.0
627,109.03089025764655,12.030890257646547,3760.0,3663.0
628,110.07225093168357,43.07225093168357,3783.0,3716.0
629,111.10960724451627,40.10960724451627,3790.0,3719.0
630,112.14173225004664,50.141732250046644,3808.0,3746.0
631,113.16741421069477,7.167414210694773,3857.0,3751.0
632,114.18545789074376,-1.8145421092562373,4023.0,3907.0
633,115.19468583836756,-4.805314161632438,4037.0,3917.0
634,116.19393965468159,20.193939654681586,4024.0,3928.0
635,117.18208124811981,38.182081248119815,4048.0,3969.0
636,118.15799407241127,32.15799407241127,3993.0,3907.0
637,119.12058434639883,49.12058434639883,3905.0,3835.0
638,120.06878225391823,44.06878225391823,3822.0,3746.0
639,121.0015431219332,9.001543121933196,3842.0,3730.0
640,121.91784857510102,-13.082151424898981,3930.0,3795.0
641,122.81670766493134,-14.183292335068657,3960.0,3823.0
642,123.69715797168729,0.6971579716872895,4036.0,3913.0
643,124.55826667717113,18.558266677171133,4041.0,3935.0
644,125.3991316065357,37.399131606535704,3883.0,3795.0
645,126.21888223726336,28.218882237263358,3925.0,3827.0
646,127.01668067346192,-4.98331932653808,4058.0,3926.0
647,127.79172258363897,-16.208277416361028,4025.0,3881.0
648,128.54323810013167,-35.456761899868326,4064.0,3900.0
649,129.270492678393,-53.729507321607,4039.0,3856.0
650,129.972787914361,-30.027212085639007,4011.0,3851.0
651,130.64946231817314,-25.350537681826864,4149.0,3993.0
652,131.29989204252092,-77.70010795747908,4307.0,4098.0
653,131.92349156399138,-106.07650843600862,4326.0,4088.0
654,132.51971431578303,-107.48028568421697,4295.0,4055.0
655,133.08805327024547,-111.91194672975453,4227.0,3982.0
656,133.6280414697486,-115.37195853025139,4210.0,3961.0
657,134.13925250445297,-102.86074749554703,4138.0,3901.0
658,134.62130093562678,-82.37869906437322,4140.0,3923.0
659,135.07384266322822,-73.92615733677178,4157.0,3948.0
660,135.4965752365561,-88.50342476344389,4104.0,3880.0
661,135.88923810685728,-117.11076189314272,4073.0,3820.0
662,136.2516128208705,-109.74838717912951,4033.0,3787.0
663,136.58352315438472,-107.41647684561528,4033.0,3789.0
664,136.88483518498862,-88.11516481501138,3971.0,3746.0
665,137.15545730329418,-113.84454269670582,3974.0,3723.0
666,137.39534016202748,-91.60465983797252,3827.0,3598.0
667,137.60447656249096,-79.39552343750904,3800.0,3583.0
668,137.78290127801938,-85.21709872198062,3839.0,3616.0
669,137.93069081417195,-106.06930918582805,3888.0,3644.0
670,138.04796310552385,-119.95203689447615,3899.0,3641.0
671,138.13487714904812,-141.86512285095188,3883.0,3603.0
672,138.19163257420473,-158.80836742579527,4030.0,3733.0
673,138.21846914998363,-160.78153085001637,3900.0,3601.0
674,138.21566622928054,-145.78433377071946,3851.0,3567.0
675,138.1835421311132,-177.8164578688868,3895.0,3579.0
676,138.12245346132306,-186.87754653867694,4043.0,3718.0
677,138.03279437253718,-219.96720562746282,4171.0,3813.0
678,137.91499576429874,-188.08500423570126,4099.0,3773.0
679,137.76952442440765,-187.23047557559235,4058.0,3733.0
680,137.59688211264543,-191.40311788735457,3949.0,3620.0
681,137.39760458818702,-169.60239541181298,3986.0,3679.0
682,137.1722605821308,-200.8277394178692,4032.0,3694.0
683,136.9214507167067,-200.0785492832933,4067.0,3730.0
684,136.64580637284536,-201.35419362715464,4077.0,3739.0
685,136.34598850791025,-173.65401149208975,3975.0,3665.0
686,136.02268642551545,-133.97731357448455,3889.0,3619.0
687,135.67661649946513,-119.32338350053487,3846.0,3591.0
688,135.30852085395776,-147.69147914604224,3880.0,3597.0
689,134.91916600230823,-63.08083399769177,3847.0,3649.0
690,134.50934144653758,-22.490658553462424,3815.0,3658.0
691,134.079858240278,-36.920141759721986,3850.0,3679.0
692,133.6315475175297,-57.3684524824703,3916.0,3725.0
693,133.1652589898905,-54.8347410101095,3945.0,3757.0
694,132.6818594149567,-38.318140585043295,3906.0,3735.0
695,132.18223103866896,-39.81776896133104,3958.0,3786.0
696,131.66727001443482,-75.33272998556518,3977.0,3770.0
697,131.1378848019267,-125.8621151980733,4038.0,3781.0
698,130.594994548499,-136.405005451501,4068.0,3801.0
699,130.03952745621535,-173.96047254378465,4043.0,3739.0
700,129.47241913751347,-208.52758086248653,4033.0,3695.0
701,128.89461096256318,-197.10538903743682,3983.0,3657.0
702,128.30704840139663,23.307048401396628,3770.0,3665.0
703,127.71067936390432,19.71067936390432,3840.0,3732.0
704,127.1064525407931,42.1064525407931,3879.0,3794.0
705,126.49531574860714,82.49531574860714,3873.0,3829.0
706,125.87821428189821,101.87821428189821,3820.0,3796.0
707,125.25608927561903,92.25608927561903,3878.0,3845.0
708,124.62987608078531,89.62987608078531,3893.0,3858.0
709,124.00050265642359,86.00050265642359,3937.0,3899.0
710,123.36888798078105,115.36888798078105,4005.0,3997.0
711,122.73594048472415,123.73594048472415,3976.0,3977.0
712,122.10255651020482,116.10255651020482,4045.0,4039.0
713,121.46961879660402,104.46961879660402,4068.0,4051.0
714,120.83799499770204,104.83799499770204,3972.0,3956.0
715,120.20853623194502,105.20853623194502,3892.0,3877.0
716,119.58207566859764,95.58207566859764,3875.0,3851.0
717,118.9594271522862,105.9594271522862,3930.0,3917.0
718,118.34138386834134,106.34138386834134,3937.0,3925.0
719,117.7287170512519,88.7287170512519,3877.0,3848.0
720,117.12217473843762,62.12217473843762,3874.0,3819.0
721,116.52248057143956,14.522480571439559,3908.0,3806.0
722,115.93033264651385,43.93033264651385,3928.0,3856.0
723,115.34640241649561,61.34640241649561,3877.0,3823.0
724,114.7713336456821,74.7713336456821,3841.0,3801.0
725,114.20574141935376,73.20574141935376,3884.0,3843.0
726,113.65021120942939,86.65021120942939,3935.0,3908.0
727,113.10529799761703,73.10529799761703,3900.0,3860.0
728,112.5715254572915,64.5715254572915,3855.0,3807.0
729,112.04938519519328,47.04938519519328,3874.0,3809.0
730,111.53933605390924,31.53933605390924,3845.0,3765.0
731,111.04180347595481,44.04180347595481,3861.0,3794.0
732,110.5571789301432,59.557178930143195,3893.0,3842.0
733,110.08581940078516,56.085819400785155,3899.0,3845.0
734,109.62804694012996,52.62804694012996,3868.0,3811.0
735,109.18414828431173,68.18414828431173,3832.0,3791.0
736,108.75437453294052,70.75437453294052,3810.0,3772.0
737,108.33894089233011,63.338940892330115,3869.0,3824.0
738,107.9380264822313,69.9380264822313,3871.0,3833.0
739,107.55177420579939,72.55177420579939,3885.0,3850.0
740,107.18029068240206,70.18029068240206,3844.0,3807.0
741,106.8236462427422,65.8236462427422,3825.0,3784.0
742,106.48187498565213,73.48187498565213,3847.0,3814.0
743,106.15497489578993,82.15497489578993,3840.0,3816.0
744,105.84290802135824,96.84290802135824,3852.0,3843.0
745,105.5456007108484,129.54560071084842,3859.0,3883.0
746,105.26294390771088,136.26294390771088,3908.0,3939.0
747,104.99479350174104,112.99479350174104,3897.0,3905.0
748,104.74097073588128,111.74097073588128,3917.0,3924.0
749,104.50126266703678,100.50126266703678,3962.0,3958.0
750,104.2754226794198,89.2754226794198,3963.0,3948.0
751,104.06317104885156,89.06317104885156,3960.0,3945.0
752,103.86419555637475,88.86419555637475,3938.0,3923.0
753,103.67815214945331,89.67815214945331,3932.0,3918.0
754,103.50466564897565,74.50466564897565,3970.0,3941.0
755,103.34333050021115,40.34333050021115,4012.0,3949.0
756,103.19371156581688,30.193711565816884,4019.0,3946.0
757,103.0553449589437,45.05534495894371,4018.0,3960.0
758,102.92773891444516,39.92773891444516,4007.0,3944.0
759,102.81037469615652,13.810374696156515,4020.0,3931.0
760,102.70270753818002,18.70270753818002,3995.0,3911.0
761,102.60416761808627,44.604167618086265,3964.0,3906.0
762,102.51416105992169,35.51416105992169,3985.0,3918.0
763,102.43207096489816,52.43207096489816,3984.0,3934.0
764,102.3572584676335,38.3572584676335,3945.0,3881.0
765,102.2890638158043,72.2890638158043,3928.0,3898.0
766,102.22680747108112,62.226807471081116,4040.0,4000.0
767,102.1697912292187,47.1697912292187,4069.0,4014.0
768,102.11729935718658,35.11729935718658,4086.0,4019.0
769,102.06859974524664,42.068599745246644,4096.0,4036.0
770,102.02294507190187,20.022945071901873,4091.0,4009.0
771,101.9795739796689,10.9795739796689,4071.0,3980.0
772,101.93771225965874,14.937712259658738,4041.0,3954.0
773,101.89657404298225,40.89657404298225,4000.0,3939.0
774,101.85536299703702,20.85536299703702,3934.0,3853.0
775,101.81327352477484,1.8132735247748428,3838.0,3738.0
776,101.7694919650918,-1.2305080349081976,3822.0,3719.0
777,101.72319779253385,-10.276802207466147,3824.0,3712.0
778,101.67356481456032,-13.326435185439678,3822.0,3707.0
779,101.6197623646604,-8.380237635339597,3858.0,3748.0
780,101.56095648967545,-33.43904351032455,3872.0,3737.0
781,101.49631112973451,-48.50368887026549,3825.0,3675.0
782,101.42498928927209,-79.57501071072791,3818.0,3637.0
783,101.34615419765576,-35.653845802344236,3783.0,3646.0
784,101.2589704580127,-13.741029541987302,3738.0,3623.0
785,101.16260518290831,-34.83739481709169,3596.0,3460.0
786,101.05622911558866,-64.94377088441134,3530.0,3364.0
787,100.93901773556696,-53.06098226443304,3567.0,3413.0
788,100.8101523473912,-56.189847652608805,3588.0,3431.0
789,100.66882115149808,-251.3311788485019,3600.0,3248.0
790,100.51422029611568,-235.4857797038843,3659.0,3323.0
791,100.34555490924267,-228.65444509075735,3710.0,3381.0
792,100.1620401097887,-260.8379598902113,3717.0,3356.0
793,99.9629019970232,-270.0370980029768,3713.0,3343.0
794,99.74737861753516,4.747378617535162,3457.0,3362.0
795,99.51472090896225,-6.485279091037754,3525.0,3419.0
796,99.26419361980528,14.264193619805283,3506.0,3421.0
797,98.99507620469429,2.9950762046942856,3493.0,3397.0
798,98.70666369452164,3.7066636945216374,3517.0,3422.0
799,98.39826754090997,5.39826754090997,3496.0,3403.0
800,98.06921643452637,-15.930783565473632,3503.0,3389.0
801,97.71885709679712,-26.281142903202877,3571.0,3447.0
802,97.34655504462198,-18.65344495537802,3609.0,3493.0
803,96.95169532772222,-27.04830467227778,3599.0,3475.0
804,96.53368323829548,-40.46631676170452,3647.0,3510.0
805,96.09194499268494,-29.908055007315056,3690.0,3564.0
806,95.62592838479709,-16.374071615202908,3681.0,3569.0
807,95.13510341103776,-12.864896588962239,3673.0,3565.0
808,94.6189628665568,-14.3810371334432,3683.0,3574.0
809,94.07702291261913,0.07702291261912819,3771.0,3677.0
810,93.50882361493898,25.508823614938976,3763.0,3695.0
811,92.9139294528352,20.913929452835205,3735.0,3663.0
812,92.29192979908167,5.291929799081672,3741.0,3654.0
813,91.64243937034153,-1.3575606296584652,3744.0,3651.0
814,90.96509864808807,-1.0349013519119268,3688.0,3596.0
815,90.25957426992427,-7.740425730075728,3691.0,3593.0
816,89.52555939122615,-11.474440608773847,3751.0,3650.0
817,88.76277401703835,-8.237225982961647,3769.0,3672.0
818,87.97096530416219,-17.029034695837808,3782.0,3677.0
819,87.14990783337866,-44.85009216662134,3806.0,3674.0
820,86.29940385175622,-66.70059614824378,3827.0,3674.0
821,85.41928348499464,-84.58071651500536,3825.0,3655.0
822,84.50940491976297,-88.49059508023703,3787.0,3614.0
823,83.56965455599239,-101.43034544400761,3767.0,3582.0
824,82.59994712908622,-90.40005287091378,3714.0,3541.0
825,81.60022580201448,-100.39977419798552,3730.0,3548.0
826,80.57046222726837,-130.42953777273163,3795.0,3584.0
827,79.51065657864544,-127.48934342135456,3791.0,3584.0
828,78.42083755285212,-133.5791624471479,3823.0,3611.0
829,77.30106234091038,-145.6989376590896,3865.0,3642.0
830,76.15141656936629,-137.8485834306337,3885.0,3671.0
831,74.97201421130556,-106.02798578869444,3920.0,3739.0
832,73.76299746719425,-78.23700253280575,3884.0,3732.0
833,72.52453661557476,-94.47546338442524,3872.0,3705.0
834,71.25682983366139,-87.74317016633861,3910.0,3751.0
835,69.96010298789831,-65.03989701210169,3954.0,3819.0
836,68.6346093945602,-64.3653906054398,3934.0,3801.0
837,67.28062955049825,-70.71937044950175,3924.0,3786.0
838,65.8984708341583,-57.1015291658417,3946.0,3823.0
839,64.48846717702313,-45.511532822976875,3973.0,3863.0
840,63.0509787056612,-22.9490212943388,3968.0,3882.0
841,61.586391354594426,-18.413608645405574,3962.0,3882.0
842,60.09511645023155,-11.90488354976845,3869.0,3797.0
843,58.577590266151105,-32.422409733848895,3879.0,3788.0
844,57.03427355005589,-33.96572644994411,3899.0,3808.0
845,55.46565102276146,-48.53434897723854,3867.0,3763.0
846,53.87223084962711,-63.12776915037289,3858.0,3741.0
847,52.254544084880436,-74.74545591511956,3815.0,3688.0
848,50.6131440893362,-95.3868559106638,3834.0,3688.0
849,48.948605922059116,-87.05139407794088,3873.0,3737.0
850,47.26152570657081,-76.73847429342919,3907.0,3783.0
851,45.55251997225479,-63.44748002774521,3886.0,3777.0
852,43.82222497166537,-66.17777502833462,3858.0,3748.0
853,42.07129597450257,-60.92870402549743,3887.0,3784.0
854,40.300406539069286,-44.699593460930714,3859.0,3774.0
855,38.51024776208321,-34.48975223791679,3843.0,3770.0
856,36.701527507770834,-36.298472492229166,3863.0,3790.0
857,34.874969617227656,-34.125030382772344,3930.0,3861.0
858,33.03131309908213,-35.96868690091787,3939.0,3870.0
859,31.171311302555452,-26.828688697444548,3995.0,3937.0
860,29.295731074062484,-23.704268925937516,4027.0,3974.0
861,27.405351898549657,-52.594648101450346,4041.0,3961.0
862,25.500965026814914,-81.49903497318509,4033.0,3926.0
863,23.583372590102794,-70.4166274098972,4034.0,3940.0
864,21.65338670331103,-56.34661329668897,4062.0,3984.0
865,19.71182855818782,-42.28817144181218,4041.0,3979.0
866,17.759527507936884,-50.24047249206312,4065.0,3997.0
867,15.79732014468286,-51.20267985531714,4069.0,4002.0
868,13.826049371280844,-66.17395062871915,4084.0,4004.0
869,11.846563468981383,-65.15343653101861,4079.0,4002.0
870,9.859715162485477,-75.14028483751453,4153.0,4068.0
871,7.8663606839432045,-47.133639316056794,4179.0,4124.0
872,5.867358837463501,-36.1326411625365,4198.0,4156.0
873,3.8635700657122922,-25.136429934287708,4217.0,4188.0
874,1.8558555201809936,-31.144144479819005,4154.0,4121.0
875,-0.15492386329337773,-32.15492386329338,4200.0,4168.0
876,-2.167908282180435,-39.167908282180434,4209.0,4172.0
877,-4.182239976515548,-20.182239976515547,4254.0,4238.0
878,-6.197064128216218,-0.19706412821621822,4234.0,4240.0
879,-8.211529748926845,9.788470251073155,4198.0,4216.0
880,-10.224790554888921,16.77520944511108,4205.0,4232.0
881,-12.236005827364629,33.76399417263537,4233.0,4279.0
882,-14.24434125717768,78.75565874282232,4248.0,4341.0
883,-16.248969771975617,-94.24896977197562,4232.0,4154.0
884,-18.24907234486326,-81.24907234486327,4202.0,4139.0
885,-20.24383878310638,81.75616121689362,4123.0,4225.0
886,-22.232468495658413,75.76753150434159,4247.0,4345.0
887,-24.21417123832096,30.78582876167904,4315.0,4370.0
888,-26.188167835410212,36.81183216458979,4293.0,4356.0
889,-28.153690876866126,23.846309123133874,4261.0,4313.0
890,-30.10998538980955,16.89001461019045,4247.0,4294.0
891,-32.056309483622854,-6.056309483622854,4235.0,4261.0
892,-33.991934967703486,-48.991934967703486,4237.0,4222.0
893,-35.91614794111467,-39.91614794111467,4228.0,4224.0
894,-37.828249353435304,-44.828249353435304,4138.0,4131.0
895,-39.727555536189946,-34.727555536189946,4091.0,4096.0
896,-41.61339870431852,-40.61339870431852,4085.0,4086.0
897,-43.48512742722774,-54.48512742722774,4119.0,4108.0
898,-45.34210706904559,-59.34210706904559,4101.0,4087.0
899,-47.183720197782606,-43.183720197782606,4119.0,4123.0
900,-49.00936696318298,-15.009366963182977,4176.0,4210.0
901,-50.81846544313074,44.18153455686926,4159.0,4254.0
902,-52.61045195855284,58.38954804144716,4052.0,4163.0
903,-54.384781356842126,37.615218643157874,3969.0,4061.0
904,-56.140927263895364,-3.140927263895364,4000.0,4053.0
905,-57.87838230494107,19.12161769505893,3998.0,4075.0
906,-59.5966582943995,65.4033417056005,3985.0,4110.0
907,-61.29528639509067,75.70471360490933,3994.0,4131.0
908,-62.973817247171674,97.02618275282833,4014.0,4174.0
909,-64.63182106725091,87.36817893274909,3991.0,4143.0
910,-66.26888771818598,78.73111228181402,3991.0,4136.0
911,-67.88462675013432,55.115373249865684,3967.0,4090.0
912,-69.47866741347613,64.52133258652387,3921.0,4055.0
913,-71.05065864428587,48.949341355714125,3934.0,4054.0
914,-72.60026902307169,23.39973097692831,3846.0,3942.0
915,-74.12718670755173,2.8728132924482708,3864.0,3941.0
916,-75.63111934027296,21.36888065972704,3915.0,4012.0
917,-77.11179393191769,16.88820606808231,3949.0,4043.0
918,-78.56895672117591,57.43104327882409,3886.0,4022.0
919,-80.00237301209019,89.99762698790981,3915.0,4085.0
920,-81.41182698980712,109.58817301019288,3940.0,4131.0
921,-82.79712151569036,104.20287848430964,3950.0,4137.0
922,-84.15807790276966,121.84192209723034,3950.0,4156.0
923,-85.49453567251379,152.5054643274862,3915.0,4153.0
924,-86.80635229392892,140.1936477060711,3866.0,4093.0
925,-88.09340290598882,146.90659709401118,3899.0,4134.0
926,-89.35558002441115,178.64441997558885,3886.0,4154.0
927,-90.59279323379296,171.40720676620703,3895.0,4157.0
928,-91.80496886611805,164.19503113388197,3924.0,4180.0
929,-92.99204966664382,182.00795033335618,3944.0,4219.0
930,-94.15399444816866,228.84600555183135,3868.0,4191.0
931,-95.29077773466902,220.709222265331,3863.0,4179.0
932,-96.40238939528453,247.59761060471547,3791.0,4135.0
933,-97.48883426961427,261.51116573038576,3740.0,4099.0
934,-98.55013178526903,248.44986821473097,3703.0,4050.0
935,-99.58631556860668,188.41368443139334,3749.0,4037.0
936,-100.59743304955641,158.4025669504436,3738.0,3997.0
937,-101.58354506141417,116.41645493858583,3721.0,3939.0
938,-102.54472543646867,150.45527456353133,3687.0,3940.0
939,-103.48106059829104,187.51893940170896,3676.0,3967.0
940,-104.39264915149437,150.60735084850563,3614.0,3869.0
941,-105.27960146974212,153.72039853025788,3608.0,3867.0
942,-106.14203928275522,190.8579607172448,3600.0,3897.0
943,-106.98009526303815,191.01990473696185,3603.0,3901.0
944,-107.79391261301494,176.20608738698508,3627.0,3911.0
945,-108.58364465323442,125.41635534676558,3618.0,3852.0
946,-109.34945441227339,96.65054558772661,3594.0,3800.0
947,-110.0915142189368,8.908485781063206,3563.0,3682.0
948,-110.81000529731988,-6.810005297319876,3616.0,3720.0
949,-111.50511736526892,44.494882634731084,3537.0,3693.0
950,-112.1770482367433,51.8229517632567,3422.0,3586.0
951,-112.82600342855422,58.173996571445784,3418.0,3589.0
952,-113.45219577192094,74.54780422807906,3423.0,3611.0
953,-114.05584502925772,56.944154970742275,3446.0,3617.0
954,-114.63717751657424,-293.63717751657424,3448.0,3269.0
955,-115.19642573184258,-28.19642573184258,3243.0,3330.0
956,-115.73382798965642,-29.73382798965642,3242.0,3328.0
957,-116.2496280624782,-31.249628062478195,3323.0,3408.0
958,-116.74407482874449,-35.74407482874449,3331.0,3412.0
959,-117.21742192807292,-62.21742192807292,3317.0,3372.0
960,-117.66992742378774,-88.66992742378774,3313.0,3342.0
961,-118.10185347295611,-88.10185347295611,3276.0,3306.0
962,-118.51346600410447,-99.51346600410447,3330.0,3349.0
963,-118.90503440276007,-135.90503440276007,3406.0,3389.0
964,-119.27683120494058,-136.27683120494058,3444.0,3427.0
965,-119.62913179869358,-124.62913179869358,3442.0,3437.0
966,-119.96221413376767,-133.96221413376767,3432.0,3418.0
967,-120.27635843947729,-138.2763584394773,3449.0,3431.0
968,-120.57184695080406,-125.57184695080406,3460.0,3455.0
969,-120.84896364276106,-86.84896364276106,3469.0,3503.0
970,-121.10799397302908,-92.10799397302908,3436.0,3465.0
971,-121.34922463285804,-99.34922463285804,3379.0,3401.0
972,-121.57294330621265,-81.57294330621265,3369.0,3409.0
973,-121.77943843712636,-50.77943843712636,3351.0,3422.0
974,-121.96899900521576,-65.96899900521576,3344.0,3400.0
