1, 0.443005
2, 0.431779
5, 0.431779
6, 0.441278
7, 0.436960
8, 0.424870
9, 0.430052
12, 0.428325
13, 0.435233
14, 0.429188
15, 0.416235
16, 0.411917
19, 0.380829
20, 0.380829
21, 0.384283
22, 0.394646
23, 0.401554
26, 0.393782
27, 0.372193
28, 0.382556
29, 0.381693
37, 0.367012
40, 0.381693
41, 0.372193
42, 0.380829
43, 0.375648
44, 0.379965
47, 0.398100
48, 0.389465
49, 0.394646
50, 0.386010
51, 0.385147
54, 0.362694
55, 0.367012
56, 0.374784
57, 0.372193
58, 0.370466
61, 0.363558
62, 0.350604
63, 0.350604
64, 0.335060
65, 0.305699
68, 0.289292
69, 0.281520
70, 0.321244
71, 0.316926
72, 0.304836
75, 0.303109
76, 0.311744
77, 0.308290
78, 0.284974
79, 0.275475
82, 0.268566
83, 0.292746
84, 0.293610
85, 0.289292
86, 0.307427
89, 0.302245
90, 0.300518
91, 0.295337
92, 0.319516
93, 0.338515
97, 0.352332
98, 0.345423
99, 0.343696
100, 0.336788
103, 0.341105
104, 0.355786
105, 0.341105
106, 0.334197
107, 0.298791
110, 0.293610
111, 0.298791
112, 0.307427
113, 0.310881
114, 0.308290
117, 0.297927
118, 0.303109
119, 0.289292
124, 0.304836
125, 0.304836
126, 0.301382
127, 0.303109
128, 0.302245
131, 0.325561
132, 0.316926
133, 0.311744
134, 0.298791
135, 0.280656
138, 0.284111
139, 0.283247
140, 0.275475
141, 0.285838
142, 0.284111
145, 0.310017
146, 0.306563
147, 0.291883
148, 0.286701
149, 0.288428
153, 0.282383
154, 0.291883
155, 0.304836
156, 0.302245
159, 0.296200
160, 0.296200
161, 0.291883
162, 0.280656
163, 0.283247
166, 0.270294
167, 0.278929
168, 0.276339
169, 0.269430
170, 0.278066
173, 0.278929
174, 0.276339
175, 0.281520
176, 0.288428
177, 0.281520
180, 0.275475
181, 0.273748
182, 0.279793
183, 0.271157
184, 0.259931
187, 0.256477
188, 0.265976
189, 0.256477
190, 0.253022
191, 0.244387
194, 0.243523
195, 0.246978
196, 0.241796
197, 0.240069
198, 0.270294
201, 0.270294
202, 0.262522
203, 0.254750
204, 0.253886
205, 0.258204
208, 0.267703
209, 0.271157
210, 0.266839
211, 0.259067
212, 0.255613
215, 0.275475
216, 0.278066
217, 0.279793
218, 0.284974
219, 0.278929
222, 0.277202
223, 0.268566
224, 0.267703
225, 0.246978
226, 0.269430
229, 0.264249
230, 0.267703
231, 0.260794
232, 0.263385
233, 0.266839
236, 0.270294
237, 0.274611
238, 0.267703
239, 0.265112
240, 0.264249
243, 0.263385
244, 0.273748
245, 0.265112
246, 0.261658
247, 0.257340
251, 0.247841
252, 0.249568
253, 0.246114
254, 0.252159
257, 0.265976
258, 0.260794
259, 0.267703
260, 0.262522
261, 0.256477
264, 0.246114
265, 0.257340
266, 0.259931
267, 0.247841
268, 0.253022
271, 0.251295
272, 0.251295
280, 0.251295
281, 0.282383
282, 0.276339
285, 0.284111
286, 0.278066
287, 0.267703
288, 0.262522
289, 0.253022
292, 0.253886
293, 0.249568
294, 0.247841
295, 0.247841
296, 0.255613
299, 0.247841
300, 0.248705
301, 0.248705
302, 0.244387
303, 0.243523
306, 0.236615
307, 0.227116
308, 0.225389
309, 0.227979
310, 0.237478
313, 0.246978
314, 0.248705
315, 0.242660
316, 0.246114
317, 0.244387
320, 0.247841
321, 0.232297
322, 0.229706
323, 0.227979
324, 0.227116
327, 0.222798
328, 0.230570
329, 0.227979
330, 0.240933
331, 0.232297
334, 0.235751
335, 0.231434
336, 0.236615
337, 0.241796
338, 0.240933
341, 0.235751
342, 0.235751
343, 0.237478
344, 0.240933
345, 0.249568
348, 0.240933
349, 0.237478
350, 0.233161
351, 0.232297
352, 0.235751
355, 0.210708
356, 0.198618
357, 0.208981
358, 0.206390
359, 0.200345
362, 0.207254
363, 0.229706
364, 0.219344
369, 0.211572
370, 0.222798
371, 0.219344
372, 0.221934
373, 0.216753
376, 0.207254
377, 0.208981
378, 0.206390
379, 0.208981
380, 0.205527
383, 0.211572
384, 0.207254
385, 0.205527
386, 0.203800
387, 0.205527
390, 0.200345
391, 0.207254
392, 0.209845
393, 0.207254
394, 0.208117
397, 0.212435
398, 0.215889
399, 0.213299
400, 0.212435
401, 0.218480
404, 0.209845
405, 0.213299
406, 0.213299
407, 0.212435
408, 0.218480
411, 0.221071
412, 0.213299
420, 0.207254
421, 0.215026
422, 0.207254
425, 0.210708
426, 0.209845
427, 0.203800
428, 0.195164
429, 0.195164
432, 0.200345
433, 0.198618
434, 0.201209
435, 0.202073
436, 0.202936
439, 0.202936
440, 0.197755
441, 0.190846
442, 0.188256
443, 0.189983
446, 0.188256
447, 0.189983
448, 0.179620
449, 0.189983
450, 0.181347
453, 0.170121
454, 0.168394
455, 0.172712
456, 0.164940
457, 0.164940
461, 0.163212
462, 0.162349
463, 0.158895
464, 0.151123
467, 0.161485
468, 0.161485
469, 0.158031
470, 0.162349
471, 0.158895
474, 0.145078
475, 0.146805
476, 0.152418
477, 0.148532
478, 0.160622
481, 0.167962
482, 0.165371
483, 0.152418
484, 0.156304
488, 0.159758
489, 0.170121
490, 0.168826
491, 0.165371
492, 0.174007
495, 0.170121
496, 0.162349
497, 0.163644
498, 0.160622
499, 0.161917
502, 0.159758
503, 0.158031
504, 0.154145
505, 0.164508
506, 0.168394
509, 0.167530
510, 0.165371
511, 0.168826
512, 0.169257
513, 0.174439
516, 0.179188
517, 0.180052
518, 0.174439
519, 0.177893
520, 0.169689
523, 0.171416
524, 0.170121
525, 0.181347
526, 0.177461
527, 0.174870
530, 0.175734
531, 0.175302
532, 0.163212
533, 0.160622
534, 0.167098
538, 0.164940
539, 0.168826
540, 0.162349
541, 0.161917
544, 0.162349
545, 0.165371
546, 0.170121
547, 0.172712
548, 0.162349
551, 0.144214
552, 0.132556
553, 0.117012
554, 0.135147
555, 0.124352
558, 0.122193
559, 0.110104
560, 0.119171
561, 0.117012
562, 0.117012
565, 0.123489
566, 0.115717
567, 0.108377
568, 0.110535
569, 0.108377
572, 0.108377
573, 0.106218
574, 0.117444
575, 0.106649
576, 0.110535
579, 0.107081
580, 0.112263
581, 0.111399
582, 0.111831
583, 0.094991
586, 0.091537
587, 0.101036
588, 0.116149
589, 0.118739
590, 0.117444
593, 0.107945
594, 0.103627
595, 0.104922
596, 0.095855
597, 0.098014
600, 0.077720
601, 0.075993
602, 0.066494
603, 0.073834
604, 0.075130
607, 0.071244
608, 0.075561
609, 0.075561
614, 0.078152
615, 0.083765
616, 0.088083
617, 0.088083
618, 0.084197
621, 0.075561
622, 0.075993
623, 0.087219
624, 0.084629
625, 0.086356
628, 0.095855
629, 0.091105
630, 0.084197
631, 0.083333
632, 0.085060
635, 0.075993
636, 0.073402
637, 0.073834
645, 0.072971
646, 0.082470
649, 0.069948
650, 0.069948
651, 0.067789
652, 0.066926
653, 0.068221
656, 0.068653
657, 0.072107
658, 0.070812
659, 0.073834
660, 0.073402
663, 0.067789
664, 0.066926
665, 0.060449
666, 0.059585
667, 0.060017
670, 0.060017
671, 0.061744
672, 0.065630
673, 0.067358
674, 0.066062
677, 0.062608
678, 0.066062
679, 0.065199
680, 0.065199
681, 0.071675
684, 0.069516
685, 0.073402
686, 0.067358
687, 0.048791
688, 0.008636
691, 0.000000
692, 0.006908
693, 0.018566
694, 0.025475
695, 0.023748
698, 0.020294
699, 0.026339
700, 0.032383
701, 0.026339
702, 0.025907
705, 0.034111
706, 0.030656
707, 0.018998
708, 0.022021
709, 0.024180
712, 0.029361
713, 0.026770
714, 0.028497
715, 0.030656
716, 0.043610
719, 0.051813
720, 0.051382
721, 0.049655
722, 0.051382
723, 0.049223
726, 0.048359
727, 0.059585
728, 0.062176
729, 0.068221
733, 0.059585
734, 0.064767
735, 0.056131
736, 0.055268
737, 0.056131
740, 0.055699
741, 0.042746
742, 0.037133
743, 0.038860
744, 0.036269
747, 0.048359
748, 0.049223
749, 0.044473
750, 0.039292
751, 0.051382
754, 0.050950
755, 0.056563
756, 0.064335
757, 0.057427
758, 0.059585
761, 0.062176
762, 0.062608
763, 0.063040
764, 0.067789
765, 0.062176
775, 0.062608
776, 0.069516
777, 0.066494
778, 0.070812
779, 0.073402
782, 0.093264
783, 0.098446
784, 0.109240
785, 0.105354
786, 0.104059
789, 0.109240
790, 0.109672
791, 0.105354
792, 0.100604
793, 0.091105
796, 0.112694
797, 0.117876
798, 0.098877
799, 0.099309
800, 0.109240
803, 0.110535
804, 0.109672
805, 0.110104
806, 0.118307
807, 0.127375
810, 0.119603
811, 0.121762
812, 0.117876
813, 0.106649
814, 0.112694
817, 0.107513
818, 0.107945
819, 0.113990
820, 0.135147
821, 0.147237
825, 0.148100
826, 0.145941
827, 0.145078
828, 0.146373
831, 0.162349
832, 0.181779
833, 0.194732
834, 0.194301
835, 0.174439
838, 0.201641
839, 0.202073
840, 0.232297
841, 0.247409
842, 0.241364
845, 0.287133
846, 0.268998
847, 0.237478
848, 0.210276
849, 0.248273
853, 0.208117
854, 0.211140
855, 0.190415
856, 0.180052
859, 0.153713
860, 0.174870
861, 0.174439
862, 0.170984
863, 0.154145
866, 0.172280
867, 0.202073
868, 0.188256
869, 0.192573
870, 0.208549
873, 0.177461
874, 0.150259
875, 0.146805
876, 0.170984
877, 0.171848
880, 0.174870
881, 0.170121
882, 0.172280
883, 0.174439
884, 0.182642
887, 0.188687
888, 0.180484
889, 0.168394
894, 0.152418
895, 0.137306
896, 0.146373
897, 0.149396
898, 0.161917
901, 0.157168
902, 0.165371
903, 0.186097
904, 0.191710
905, 0.189551
908, 0.214162
909, 0.208117
910, 0.198618
911, 0.201209
912, 0.199482
915, 0.209413
916, 0.199482
917, 0.202936
918, 0.203800
919, 0.213731
922, 0.218480
923, 0.246546
924, 0.232297
925, 0.218912
926, 0.223230
929, 0.197755
930, 0.204231
931, 0.202504
932, 0.221503
933, 0.211572
936, 0.228843
937, 0.221071
938, 0.231002
939, 0.246114
940, 0.239637
943, 0.253886
944, 0.259931
945, 0.254318
946, 0.244819
947, 0.257772
950, 0.289292
951, 0.278497
952, 0.279793
953, 0.284111
954, 0.337651
957, 0.327288
958, 0.337651
959, 0.328152
960, 0.310017
961, 0.313040
964, 0.320812
965, 0.330311
966, 0.329016
967, 0.322107
968, 0.324266
971, 0.335060
972, 0.342832
973, 0.322539
974, 0.337219
975, 0.358377
978, 0.389033
979, 0.397237
980, 0.360535
981, 0.365717
982, 0.359240
985, 0.327720
986, 0.318653
987, 0.328584
992, 0.350173
993, 0.380397
994, 0.384715
995, 0.376079
996, 0.394646
999, 0.411917
1000, 0.409758
1001, 0.418394
1002, 0.443437
1003, 0.453800
1013, 0.463731
1014, 0.479275
1015, 0.498273
1016, 0.495250
1017, 0.539724
1020, 0.578584
1021, 0.599741
1022, 0.641192
1023, 0.627807
1024, 0.646805
1027, 0.654145
1028, 0.702936
1029, 0.683506
1030, 0.654577
1031, 0.709413
1034, 0.708549
1035, 0.714162
1036, 0.706822
1037, 0.734024
1038, 0.794041
1041, 0.889465
1042, 0.808722
1043, 0.926598
1044, 0.871762
1045, 0.930052
1048, 1.000000
1049, 0.883851
1050, 0.935233
1051, 0.925734
1052, 0.862694
1055, 0.860967
1056, 0.960708
1057, 0.932642
1058, 0.913644
1059, 0.946459
1062, 0.952073
1063, 0.742228
1064, 0.884715
1065, 0.708549
1066, 0.682211
1069, 0.696459
1070, 0.685665
1071, 0.740933
1072, 0.717617
1073, 0.693437
1076, 0.652850
1077, 0.666667
1078, 0.677893
1079, 0.692573
1080, 0.668394
1083, 0.697323
1084, 0.727547
1085, 0.727979
1086, 0.664076
1087, 0.658031
1090, 0.593696
1091, 0.596718
1092, 0.588946
1093, 0.592832
1094, 0.596718
