44.70172
74.60028
70.77692
97.11838
102.81442
112.79938
109.24759
115.27484
110.563354
108.21832
111.11151
108.14966
117.51892
118.232635
118.50772
123.62976
120.427185
133.71259
122.96417
133.24252
132.55695
125.943054
116.56079
113.313324
115.64499
115.17081
119.14517
121.44733
126.83301
120.61856
116.33002
113.33157
117.358826
118.83624
126.49524
126.07529
122.15927
121.311646
122.35718
123.485504
121.183075
125.39081
125.467865
122.47223
122.454834
120.91492
127.29559
130.67639
121.93164
122.85504
121.78253
117.32733
119.815155
121.877594
118.45221
116.549286
111.46649
103.98691
104.05643
113.01282
105.0856
104.54361
107.26257
105.37274
108.214874
100.77353
98.280975
83.64218
73.900116
19.341217
39.038696
35.253357
32.545166
21.721527
32.50415
20.493866
26.57251
19.356812
10.361023
11.245026
8.920746
1.3901978
12.770721
11.643341
37.46759
30.054352
47.879364
42.019623
47.53955
44.135223
43.730103
39.38504
48.536804
50.82495
53.895996
56.576355
42.083435
40.59134
51.4599
41.472107
47.231995
41.17453
38.30481
38.34839
35.292267
32.572113
40.373474
31.738037
35.86331
32.943268
35.02417
40.581238
33.543793
32.91797
34.224854
35.51056
40.47699
37.567505
46.43463
47.194397
49.77542
47.145874
53.92737
55.786774
51.302765
52.825836
50.55435
61.445343
58.53836
61.122467
60.060974
53.425476
63.169647
62.042816
61.994263
59.86325
57.762146
44.638977
53.64807
45.809967
52.490417
52.62094
42.72525
38.93976
30.053955
18.453339
20.247223
23.044678
18.541779
31.973022
37.811676
36.96985
43.67401
43.410004
47.108185
45.576965
55.134003
67.154205
74.92703
72.394714
73.95834
67.74249
74.55829
80.50806
84.057495
93.147766
93.88153
88.16739
89.68234
95.846954
105.052185
122.2825
119.58374
132.33621
142.77924
147.13867
150.13266
137.32028
140.75421
144.79489
142.29831
140.00879
146.29062
145.2439
160.97949
148.73505
160.58008
161.52887
152.43411
144.39713
134.37881
134.95557
139.1258
143.49002
139.68915
136.28458
128.44287
125.17453
127.72562
126.06479
121.85608
116.39273
111.51532
103.3291
113.99509
114.56378
126.196594
117.527954
121.84259
119.95743
120.7204
120.93344
125.148926
127.55136
124.744354
126.953125
147.43701
139.1576
142.89423
146.09616
143.29288
135.58417
138.68686
161.8573
176.39136
182.22083
194.57379
150.70697
168.2558
205.42822
208.6247
198.41864
196.85242
197.40942
197.7691
212.26276
204.92969
203.35468
215.55475
219.95953
219.37653
222.4635
234.41864
232.14081
250.30652
285.80438
286.83246
295.23706
323.3769
314.48547
207.92029
250.65137
211.41504
220.09875
228.8357
240.47302
220.60254
208.7348
216.31287
197.27472
174.9253
168.55914
183.54254
183.61926
168.8252
177.71222
169.90143
166.57452
169.26947
162.29614
171.36841
177.59338
181.32837
197.43555
187.59991
195.82507
194.64124
201.93964
195.49951
208.75635
212.54938
214.38806
236.62244
243.2987
233.643
225.03595
223.9762
212.40741
215.8432
223.06775
230.50293
205.70746
214.45862
198.22925
204.19916
194.50989
200.15411
198.35754
195.36255
189.52771
193.61511
196.28955
195.55383
200.0694
192.05359
185.26727
182.25378
172.38153
175.70013
185.59534
177.68457
184.10986
180.71448
170.70453
166.75366
174.5412
156.41132
170.83783
174.6145
189.47803
194.2677
210.6911
219.18256
214.3078
200.07458
207.29584
211.70166
205.5174
202.89081
200.29333
201.43549
206.84625
192.55328
192.21655
185.87933
194.1773
187.9159
200.58203
242.04095
237.73877
228.89899
222.17114
240.2846
233.46759
252.83398
263.1532
294.03894
313.2282
315.52185
302.0678
245.16986
266.0703
241.92181
245.38208
264.81488
273.34955
255.0755
281.01953
268.86047
276.82684
266.11713
272.1421
270.08655
285.46362
285.12256
287.67224
289.081
288.9721
276.4541
280.89984
298.89178
319.56348
308.21307
315.87512
288.1438
295.97302
297.48987
299.45776
299.77557
307.60736
306.97827
313.13354
313.79846
322.26886
317.78516
350.95502
367.1974
368.08624
355.24213
360.6236
345.1938
349.2968
344.89038
337.38116
349.98334
356.06793
345.12012
353.96222
352.18622
359.48608
370.13593
388.25555
383.53827
386.6576
307.04803
339.05524
314.0423
351.87225
326.57947
351.68298
350.3479
355.69537
327.36652
338.9344
322.8792
316.96533
317.46045
326.9989
329.10156
344.31897
347.12988
354.4416
344.18646
350.43152
339.99774
350.6225
351.35535
361.8626
352.9898
371.24603
366.83215
367.0479
343.1734
341.67456
344.87115
350.4146
345.39404
341.8573
335.331
322.3346
318.37836
292.51776
285.63507
286.9583
285.52454
280.68152
289.20648
269.32037
276.59174
279.1377
276.11597
276.87982
272.2021
275.06665
277.33557
281.17285
272.91174
270.2829
251.38794
243.83167
212.03796
200.4967
175.30676
168.60516
154.18109
135.48755
108.210724
90.11795
61.319733
61.251617
49.05429
43.14612
62.220398
47.481476
17.864014
16.402344
2.4987183
19.961182
136.46829
152.01837
193.35211
206.59961
195.27411
186.70038
108.30554
143.77478
120.236206
119.81253
84.33951
75.26889
82.95187
100.27316
79.90018
64.88269
73.387146
77.404205
84.348114
91.16168
90.52533
76.08545
74.58783
59.220886
83.28757
64.89142
80.60474
68.0524
56.551544
33.210022
21.35971
7.7346497
-7.4276123
-37.265167
-49.719574
-35.72946
-36.99347
-11.85965
-31.500153
-14.6779785
-48.685272
-47.183807
-93.1131
-73.01639
-67.14462
-51.939514
-64.73428
-43.258575
-42.324646
-19.426208
-17.559357
-9.007294
-8.7717285
14.399261
55.27133
67.24762
77.64609
60.23517
77.871826
96.83902
97.67447
133.31122
132.45615
142.88687
143.33923
132.01636
129.8396
126.79059
105.05139
82.05188
68.105225
67.61578
56.231903
38.454956
50.375732
30.584381
25.959717
28.28241
34.49939
36.976654
71.0358
54.411377
69.09128
93.77481
99.754456
82.690674
88.018005
87.13272
89.71466
107.868744
106.09567
84.79007
93.77768
80.10684
112.3927
111.1467
128.47177
103.956696
103.270294
104.01257
88.4931
96.80713
128.01901
136.32578
135.20175
121.132904
111.752014
98.65054
119.9523
131.10663
141.20383
159.9483
171.12537
150.99075
157.01099
197.24176
209.16296
217.71826
233.10419
231.25464
229.32666
223.2663
219.20154
229.34387
246.26031
236.1471
239.50787
220.4021
246.59247
215.26727
221.28558
220.5669
236.24487
240.30524
257.55408
262.45618
268.68896
263.70923
286.75342
285.34943
311.86206
289.39307
304.13745
300.78644
293.39398
309.7956
308.25543
308.753
297.78644
272.99463
266.99066
286.28864
224.9726
216.77826
213.76056
217.23975
211.22052
203.51971
196.55054
215.30548
241.97119
243.53198
273.73242
290.972
293.06696
135.09036
197.26422
143.7893
134.90594
112.532745
118.29715
87.85104
101.052826
60.124542
55.112305
50.58014
60.629486
55.190704
60.427185
71.27124
65.787415
61.61258
74.6694
88.61261
113.74179
98.13556
95.48114
79.12518
91.80719
57.907135
89.96234
78.255646
103.37497
99.06244
105.97839
91.49631
106.33832
102.47955
98.221405
95.96817
101.84912
82.41504
83.29022
87.26788
80.28549
74.12805
60.545593
50.062622
19.03357
20.440643
32.612274
23.058899
40.694977
34.39032
36.81186
41.89612
51.323914
52.37805
93.18112
89.39349
91.58185
89.214966
110.25305
99.58844
78.419586
95.268616
73.00781
94.50229
57.84326
79.39679
72.65036
93.06134
71.9823
97.85254
91.608
97.39807
76.44473
102.15387
108.23682
113.21768
121.80121
122.50595
113.914856
140.33435
141.04257
166.21326
133.361
133.41168
138.68347
166.84192
148.63599
170.14722
284.2763
252.47638
274.1693
291.44537
297.55292
133.38104
196.8977
121.075836
159.78821
153.16779
160.4209
118.703094
147.89499
115.22644
122.18985
121.40195
136.08893
119.44937
121.16373
137.7167
122.476074
95.20041
115.17648
103.59445
118.15546
119.58734
124.538025
115.231445
132.04532
108.71719
150.18597
149.01224
175.1947
163.70087
199.84552
179.32379
211.6344
218.61908
219.70563
214.6399
231.43768
216.1872
192.18085
184.68701
189.93262
187.27087
159.31097
168.88696
157.43164
151.84021
139.62329
118.05194
124.64444
102.84653
125.20029
114.22208
144.67776
132.6065
149.54388
154.86755
157.32874
141.42279
137.09717
144.23654
123.29971
121.3891
113.27911
116.76254
108.47931
107.322876
95.01843
97.05972
116.819855
131.77768
117.74356
112.41812
100.06622
103.17758
103.068726
111.553925
105.73486
116.40439
87.68436
84.73956
64.61258
75.593414
65.76178
72.32172
50.09381
43.25589
30.07669
27.356445
6.8173523
-20.026245
104.58176
56.517975
-37.830505
-0.5544739
-7.701477
-22.572296
11.498718
-3.118042
7.5192566
45.942474
24.78363
22.463043
16.056732
38.84445
35.964233
35.933075
31.407562
18.859802
-40.00348
-21.478546
-32.12567
-6.087555
-24.113434
-61.102417
-63.399597
-92.84625
-87.38913
-83.26239
-62.794403
-90.38818
-69.22272
-68.22751
-46.835022
-66.299286
-45.111664
-97.301575
-100.91907
-109.983185
-107.22032
-129.86969
-143.13193
-129.74026
-157.3533
-166.25081
-157.81091
-164.75417
-177.99419
-199.31169
-178.1791
-214.26265
-196.49652
-214.57683
-167.10315
-179.69041
-134.65088
-182.4593
-175.30817
-158.40265
-176.24382
-186.07187
-166.20503
-175.88219
-139.35345
-136.2904
-79.78998
-97.829865
-110.498276
-102.05676
-108.253296
-113.57687
-86.85446
113.667786
-111.084366
0.21520996
-67.961426
-42.097076
-42.297363
-0.4493103
-41.307587
0.58691406
13.948578
4.633667
-1.8102417
3.1976318
9.351105
-4.2218933
-15.477753
5.0082397
-5.484955
-9.337677
-23.64502
