0.8379022646007152
0.8140643623361145
0.8069129916567342
0.7949940405244339
0.7735399284862932
0.7318235995232419
0.7079856972586412
0.6603098927294399
0.6412395709177592
0.6233611442193087
0.6221692491060786
0.6042908224076281
0.6102502979737783
0.6150178784266984
0.5911799761620977
0.5637663885578069
0.5482717520858165
0.5792610250297974
0.5625744934445769
0.5613825983313468
0.5589988081048868
0.5518474374255066
0.5494636471990465
0.5423122765196663
0.5387365911799762
0.5399284862932062
0.5375446960667462
0.5506555423122765
0.5530393325387366
0.5470798569725864
0.5423122765196663
0.5435041716328963
0.5458879618593564
0.5518474374255066
0.5601907032181168
0.5804529201430274
0.43861740166865315
0.44815256257449343
0.4696066746126341
0.48390941597139453
0.48748510131108463
0.4791418355184744
0.4636471990464839
0.4505363528009535
0.44219308700834326
0.43861740166865315
0.44219308700834326
0.4469606674612634
0.4564958283671037
0.4600715137067938
0.4505363528009535
0.4374255065554231
0.45172824791418353
0.4612634088200238
0.4696066746126341
0.4576877234803337
0.47437425506555425
0.499404052443385
0.49821215733015495
0.4958283671036949
0.5113230035756854
0.5065554231227652
0.5089392133492253
0.5160905840286055
0.5303933253873659
0.5268176400476758
0.5268176400476758
0.5256257449344458
0.5244338498212158
0.5244338498212158
0.5303933253873659
0.5399284862932062
0.5494636471990465
0.5482717520858165
0.5554231227651967
0.5554231227651967
0.5637663885578069
0.5685339690107271
0.5721096543504172
0.5828367103694875
0.5625744934445769
0.5423122765196663
0.531585220500596
0.5363528009535161
0.5435041716328963
0.5494636471990465
0.5518474374255066
0.5566150178784267
0.5566150178784267
0.5470798569725864
0.5470798569725864
0.5446960667461264
0.5482717520858165
0.5566150178784267
0.5566150178784267
0.5589988081048868
0.5530393325387366
0.5542312276519666
0.5542312276519666
0.5542312276519666
0.5566150178784267
0.5566150178784267
0.5542312276519666
0.5530393325387366
0.5530393325387366
0.5601907032181168
0.566150178784267
0.5542312276519666
0.5506555423122765
0.5506555423122765
0.5435041716328963
0.5411203814064363
0.5423122765196663
0.5399284862932062
0.5375446960667462
0.5303933253873659
0.5184743742550656
0.5172824791418356
0.532777115613826
0.5244338498212158
0.5184743742550656
0.5244338498212158
0.5244338498212158
0.5303933253873659
0.5184743742550656
0.5125148986889154
0.49106078665077474
0.466030989272944
0.38498212157330153
0.38974970202622167
0.4123957091775924
0.4052443384982122
0.3957091775923719
0.4088200238379023
0.41477949940405245
0.4159713945172825
0.41120381406436235
0.3957091775923719
0.3933253873659118
0.38498212157330153
0.3730631704410012
0.38974970202622167
0.3909415971394517
0.42789034564958284
0.4374255065554231
0.4541120381406436
0.4541120381406436
0.45292014302741357
0.45172824791418353
0.4374255065554231
0.4374255065554231
0.43861740166865315
0.44934445768772346
0.4505363528009535
0.4541120381406436
0.43861740166865315
0.43504171632896305
0.4469606674612634
0.4374255065554231
0.43861740166865315
0.43504171632896305
0.43146603098927294
0.4362336114421931
0.432657926102503
0.433849821215733
0.4433849821215733
0.43504171632896305
0.433849821215733
0.4374255065554231
0.4410011918951132
0.4469606674612634
0.4398092967818832
0.4362336114421931
0.4398092967818832
0.4433849821215733
0.44815256257449343
0.4469606674612634
0.4541120381406436
0.45530393325387364
0.4541120381406436
0.4576877234803337
0.46245530393325385
0.47079856972586415
0.4636471990464839
0.4612634088200238
0.4636471990464839
0.47437425506555425
0.4803337306317044
0.4791418355184744
0.47794994040524436
0.4684147794994041
0.4803337306317044
0.48510131108462456
0.4803337306317044
0.4791418355184744
0.4731823599523242
0.4576877234803337
0.4612634088200238
0.4576877234803337
0.46245530393325385
0.466030989272944
0.4505363528009535
0.4410011918951132
0.42908224076281287
0.40762812872467225
0.4064362336114422
0.4135876042908224
0.4135876042908224
0.43146603098927294
0.44934445768772346
0.4505363528009535
0.4576877234803337
0.4636471990464839
0.464839094159714
0.46245530393325385
0.4696066746126341
0.48748510131108463
0.5029797377830751
0.4970202622169249
0.49463647199046484
0.49106078665077474
0.4934445768772348
0.5041716328963052
0.5101311084624554
0.5232419547079857
0.5244338498212158
0.5160905840286055
0.5137067938021455
0.5244338498212158
0.5411203814064363
0.5685339690107271
0.5709177592371871
0.5852205005959475
0.6042908224076281
0.6090584028605482
0.6126340882002383
0.5876042908224076
0.5887961859356377
0.5971394517282479
0.5911799761620977
0.5828367103694875
0.5887961859356377
0.5971394517282479
0.6185935637663885
0.6090584028605482
0.6185935637663885
0.6257449344457687
0.6066746126340882
0.5887961859356377
0.566150178784267
0.564958283671037
0.566150178784267
0.5744934445768772
0.5768772348033373
0.5697258641239571
0.564958283671037
0.5566150178784267
0.5613825983313468
0.5613825983313468
0.5518474374255066
0.5446960667461264
0.5351609058402861
0.5220500595947557
0.5375446960667462
0.5446960667461264
0.5566150178784267
0.5506555423122765
0.5470798569725864
0.5518474374255066
0.5446960667461264
0.5446960667461264
0.5470798569725864
0.5554231227651967
0.5506555423122765
0.5494636471990465
0.5840286054827175
0.5780691299165673
0.5756853396901073
0.5816448152562574
0.5780691299165673
0.564958283671037
0.5589988081048868
0.5983313468414779
0.635280095351609
0.6436233611442194
0.6626936829558999
0.5983313468414779
0.5959475566150179
0.6698450536352801
0.6865315852205006
0.66626936829559
0.6376638855780691
0.6483909415971395
0.6543504171632897
0.6698450536352801
0.6698450536352801
0.66388557806913
0.6781883194278904
0.6901072705601907
0.6924910607866508
0.6924910607866508
0.7056019070321812
0.7103694874851013
0.7449344457687723
0.8128724672228844
0.8283671036948749
0.8259833134684148
0.8772348033373063
0.8784266984505363
0.6531585220500596
0.6674612634088201
0.6495828367103695
0.636471990464839
0.6591179976162098
0.6865315852205006
0.7032181168057211
0.6471990464839095
0.6698450536352801
0.6686531585220501
0.6233611442193087
0.5840286054827175
0.6078665077473182
0.6305125148986889
0.5840286054827175
0.5864123957091776
0.6066746126340882
0.5971394517282479
0.6042908224076281
0.6066746126340882
0.6126340882002383
0.6174016686531585
0.6197854588796186
0.6448152562574494
0.6555423122765197
0.6436233611442194
0.6471990464839095
0.6519666269368296
0.6412395709177592
0.6519666269368296
0.6603098927294399
0.6567342073897497
0.6829558998808105
0.7020262216924911
0.7020262216924911
0.6746126340882003
0.6805721096543504
0.6615017878426699
0.6555423122765197
0.6698450536352801
0.6781883194278904
0.6555423122765197
0.6436233611442194
0.6448152562574494
0.6507747318235996
0.6400476758045291
0.6412395709177592
0.6412395709177592
0.6436233611442194
0.6269368295589988
0.6305125148986889
0.6328963051251489
0.6376638855780691
0.6412395709177592
0.6328963051251489
0.6138259833134684
0.6066746126340882
0.5876042908224076
0.5864123957091776
0.6317044100119189
0.6126340882002383
0.6162097735399285
0.6150178784266984
0.6054827175208581
0.5911799761620977
0.5971394517282479
0.5792610250297974
0.5876042908224076
0.601907032181168
0.6317044100119189
0.6507747318235996
0.6746126340882003
0.6901072705601907
0.6877234803337307
0.6579261025029798
0.6495828367103695
0.66507747318236
0.6495828367103695
0.635280095351609
0.635280095351609
0.6400476758045291
0.6495828367103695
0.6328963051251489
0.6281287246722288
0.6257449344457687
0.635280095351609
0.6281287246722288
0.6412395709177592
0.7234803337306317
0.7270560190703218
0.7056019070321812
0.6829558998808105
0.7139451728247914
0.7079856972586412
0.7258641239570918
0.7497020262216925
0.8104886769964244
0.8605482717520858
0.8593563766388558
0.8307508939213349
0.7091775923718713
0.7222884386174017
0.700834326579261
0.6889153754469607
0.7210965435041716
0.7389749702026222
0.7258641239570918
0.7568533969010727
0.7711561382598331
0.7866507747318237
0.7628128724672228
0.7580452920143027
0.7580452920143027
0.7759237187127532
0.7794994040524433
0.7771156138259833
0.7866507747318237
0.7878426698450537
0.7699642431466031
0.7806912991656734
0.8104886769964244
0.8557806912991657
0.8367103694874851
0.8307508939213349
0.7854588796185935
0.7794994040524433
0.7949940405244339
0.8021454112038141
0.8057210965435042
0.798569725864124
0.8057210965435042
0.8081048867699643
0.8188319427890346
0.8307508939213349
0.8426698450536353
0.9106078665077473
0.9690107270560191
0.9582836710369488
0.9082240762812872
0.9141835518474374
0.8820023837902264
0.8843861740166865
0.867699642431466
0.8557806912991657
0.8831942789034565
0.8974970202622169
0.8891537544696066
0.9046483909415971
0.9117997616209773
0.9249106078665077
0.9511323003575686
1.0
0.9856972586412396
0.9702026221692491
0.767580452920143
0.8069129916567342
0.8069129916567342
0.8974970202622169
0.8355184743742551
0.8867699642431466
0.9213349225268176
0.9201430274135876
0.865315852205006
0.8688915375446961
0.8581644815256257
0.8235995232419547
0.8271752085816448
0.8629320619785459
0.8688915375446961
0.8820023837902264
0.902264600715137
0.9284862932061978
0.8986889153754469
0.8974970202622169
0.8808104886769964
0.901072705601907
0.9153754469606674
0.9272943980929678
0.9261025029797377
0.9511323003575686
0.9487485101311085
0.933253873659118
0.8831942789034565
0.867699642431466
0.8939213349225268
0.8939213349225268
0.8951132300357568
0.8688915375446961
0.8700834326579261
0.8307508939213349
0.8462455303933254
0.7735399284862932
0.7556615017878426
0.7699642431466031
0.7759237187127532
0.7711561382598331
0.7902264600715138
0.7532777115613826
0.767580452920143
0.7949940405244339
0.7830750893921334
0.7806912991656734
0.766388557806913
0.768772348033373
0.7723480333730631
0.768772348033373
0.7616209773539928
0.7461263408820024
0.7079856972586412
0.6746126340882003
0.6185935637663885
0.5959475566150179
0.5470798569725864
0.5589988081048868
0.5435041716328963
0.5137067938021455
0.4636471990464839
0.44576877234803336
0.40762812872467225
0.41835518474374256
0.4123957091775924
0.4100119189511323
0.4505363528009535
0.43504171632896305
0.3730631704410012
0.36591179976162097
0.3635280095351609
0.39451728247914186
0.6531585220500596
0.6841477949940405
0.6972586412395709
0.6948748510131109
0.6710369487485102
0.6448152562574494
0.4731823599523242
0.4898688915375447
0.48510131108462456
0.4600715137067938
0.40047675804529204
0.3873659117997616
0.4576877234803337
0.4958283671036949
0.4791418355184744
0.45530393325387364
0.4636471990464839
0.4803337306317044
0.4898688915375447
0.4862932061978546
0.4970202622169249
0.46722288438617404
0.4636471990464839
0.46245530393325385
0.4803337306317044
0.4803337306317044
0.4803337306317044
0.4767580452920143
0.4505363528009535
0.41120381406436235
0.40047675804529204
0.3778307508939213
0.3539928486293206
0.30512514898688914
0.26460071513706795
0.2908224076281287
0.2932061978545888
0.33134684147794996
0.33134684147794996
0.3456495828367104
0.3253873659117998
0.28843861740166865
0.24553039332538737
0.24076281287246723
0.28128724672228844
0.3110846245530393
0.29558998808104886
0.33253873659118
0.3396901072705602
0.3837902264600715
0.4052443384982122
0.42073897497020263
0.4100119189511323
0.4195470798569726
0.4791418355184744
0.5160905840286055
0.5137067938021455
0.4731823599523242
0.5017878426698451
0.5172824791418356
0.5220500595947557
0.5589988081048868
0.5887961859356377
0.600715137067938
0.6078665077473182
0.5971394517282479
0.5864123957091776
0.5780691299165673
0.5423122765196663
0.5029797377830751
0.48390941597139453
0.4636471990464839
0.4469606674612634
0.4195470798569726
0.4505363528009535
0.4469606674612634
0.43504171632896305
0.4433849821215733
0.4505363528009535
0.4636471990464839
0.5041716328963052
0.5005959475566151
0.5053635280095352
0.5411203814064363
0.5578069129916567
0.5268176400476758
0.5148986889153755
0.5196662693682956
0.5196662693682956
0.5446960667461264
0.5435041716328963
0.5077473182359953
0.5125148986889154
0.5017878426698451
0.5542312276519666
0.566150178784267
0.5709177592371871
0.5423122765196663
0.5220500595947557
0.5303933253873659
0.5113230035756854
0.5184743742550656
0.5613825983313468
0.5887961859356377
0.5911799761620977
0.5744934445768772
0.5542312276519666
0.532777115613826
0.5446960667461264
0.5852205005959475
0.599523241954708
0.6233611442193087
0.6460071513706794
0.6185935637663885
0.6138259833134684
0.6769964243146603
0.7115613825983313
0.7139451728247914
0.7199046483909416
0.7246722288438617
0.7103694874851013
0.6865315852205006
0.6769964243146603
0.6948748510131109
0.7294398092967819
0.7210965435041716
0.7187127532777116
0.6960667461263409
0.7270560190703218
0.700834326579261
0.6865315852205006
0.6936829558998808
0.7187127532777116
0.735399284862932
0.7616209773539928
0.7818831942789034
0.7842669845053635
0.766388557806913
0.8045292014302742
0.8152562574493445
0.8545887961859356
0.8164481525625745
0.8152562574493445
0.8200238379022646
0.7938021454112039
0.8307508939213349
0.8295589988081049
0.8307508939213349
0.797377830750894
0.7497020262216925
0.7318235995232419
0.7651966626936829
0.66388557806913
0.6150178784266984
0.6317044100119189
0.6555423122765197
0.6519666269368296
0.6317044100119189
0.6328963051251489
0.6746126340882003
0.734207389749702
0.7461263408820024
0.7902264600715138
0.8307508939213349
0.8164481525625745
0.5530393325387366
0.5566150178784267
0.5292014302741359
0.4803337306317044
0.4564958283671037
0.46722288438617404
0.4696066746126341
0.4731823599523242
0.4374255065554231
0.4266984505363528
0.43504171632896305
0.44815256257449343
0.4469606674612634
0.44576877234803336
0.4564958283671037
0.4433849821215733
0.44219308700834326
0.46245530393325385
0.4934445768772348
0.5494636471990465
0.5137067938021455
0.4922526817640048
0.4755661501787843
0.4767580452920143
0.4600715137067938
0.4755661501787843
0.48510131108462456
0.5053635280095352
0.5232419547079857
0.5077473182359953
0.48867699642431467
0.4922526817640048
0.4958283671036949
0.4767580452920143
0.4731823599523242
0.48152562574493446
0.4731823599523242
0.4696066746126341
0.4719904648390942
0.4767580452920143
0.46722288438617404
0.4564958283671037
0.43861740166865315
0.399284862932062
0.3909415971394517
0.41835518474374256
0.4195470798569726
0.432657926102503
0.44576877234803336
0.44576877234803336
0.44576877234803336
0.4445768772348033
0.46245530393325385
0.5029797377830751
0.5148986889153755
0.4970202622169249
0.5029797377830751
0.533969010727056
0.5280095351609059
0.4970202622169249
0.5077473182359953
0.48748510131108463
0.5041716328963052
0.4636471990464839
0.4755661501787843
0.4934445768772348
0.5077473182359953
0.499404052443385
0.5256257449344458
0.5363528009535161
0.531585220500596
0.5005959475566151
0.5244338498212158
0.5470798569725864
0.5506555423122765
0.5613825983313468
0.564958283671037
0.5589988081048868
0.5887961859356377
0.6066746126340882
0.6436233611442194
0.5911799761620977
0.564958283671037
0.5899880810488677
0.6257449344457687
0.6114421930870083
0.6150178784266984
0.8474374255065554
0.8283671036948749
0.8200238379022646
0.8581644815256257
0.8688915375446961
0.5411203814064363
0.5542312276519666
0.5292014302741359
0.5423122765196663
0.5411203814064363
0.5387365911799762
0.5637663885578069
0.5756853396901073
0.566150178784267
0.5756853396901073
0.5911799761620977
0.5780691299165673
0.5613825983313468
0.5566150178784267
0.5578069129916567
0.5399284862932062
0.5089392133492253
0.5137067938021455
0.531585220500596
0.5387365911799762
0.5375446960667462
0.5446960667461264
0.5482717520858165
0.5435041716328963
0.5530393325387366
0.5852205005959475
0.6102502979737783
0.6305125148986889
0.634088200238379
0.6483909415971395
0.634088200238379
0.6448152562574494
0.6793802145411204
0.6746126340882003
0.6805721096543504
0.6936829558998808
0.6829558998808105
0.6436233611442194
0.6090584028605482
0.6269368295589988
0.6174016686531585
0.5887961859356377
0.5864123957091776
0.5923718712753278
0.5744934445768772
0.5589988081048868
0.5303933253873659
0.5232419547079857
0.5137067938021455
0.5363528009535161
0.5363528009535161
0.5518474374255066
0.567342073897497
0.5792610250297974
0.601907032181168
0.5899880810488677
0.5756853396901073
0.5578069129916567
0.5589988081048868
0.5506555423122765
0.5292014302741359
0.5148986889153755
0.5148986889153755
0.5101311084624554
0.5101311084624554
0.4970202622169249
0.49106078665077474
0.5232419547079857
0.5554231227651967
0.5399284862932062
0.5208581644815257
0.5017878426698451
0.5089392133492253
0.5077473182359953
0.5232419547079857
0.5196662693682956
0.5292014302741359
0.4934445768772348
0.47794994040524436
0.46245530393325385
0.46722288438617404
0.466030989272944
0.4719904648390942
0.4469606674612634
0.42073897497020263
0.4064362336114422
0.3957091775923719
0.3730631704410012
0.3170441001191895
0.5208581644815257
0.5029797377830751
0.3063170441001192
0.3110846245530393
0.36233611442193087
0.3528009535160906
0.36591179976162097
0.37187127532777114
0.39690107270560193
0.44576877234803336
0.432657926102503
0.4362336114421931
0.42193087008343266
0.4266984505363528
0.4410011918951132
0.4445768772348033
0.4231227651966627
0.3873659117997616
0.3146603098927294
0.29558998808104886
0.3182359952324195
0.36471990464839094
0.3361144219308701
0.2789034564958284
0.26460071513706795
0.23718712753277713
0.2467222884386174
0.2550655542312277
0.28128724672228844
0.26817640047675806
0.28486293206197855
0.3134684147794994
0.3361144219308701
0.31227651966626935
0.31585220500595945
0.265792610250298
0.22526817640047675
0.20023837902264602
0.20500595947556616
0.18235995232419547
0.14421930870083433
0.1573301549463647
0.14779499404052443
0.10846245530393325
0.11561382598331346
0.12276519666269368
0.10011918951132301
0.04290822407628129
0.05125148986889154
0.017878426698450536
0.0
0.014302741358760428
0.08462455303933254
0.11918951132300358
0.16805721096543505
0.1263408820023838
0.08104886769964244
0.12395709177592372
0.11918951132300358
0.07389749702026222
0.07270560190703218
0.08939213349225268
0.14898688915375446
0.18235995232419547
0.2860548271752086
0.3039332538736591
0.24195470798569726
0.232419547079857
0.22407628128724671
0.20381406436233612
0.22407628128724671
0.6412395709177592
0.32419547079856975
0.3253873659117998
0.3265792610250298
0.33134684147794996
0.36233611442193087
0.3933253873659118
0.39213349225268174
0.4052443384982122
0.44815256257449343
0.44815256257449343
0.433849821215733
0.4445768772348033
0.44934445768772346
0.433849821215733
0.3873659117997616
0.3933253873659118
0.40166865315852207
0.3802145411203814
0.3432657926102503
0.36114421930870083
