0.6067101584342963
0.6123019571295434
0.5834109972041006
0.5498602050326188
0.5293569431500466
0.5843429636533085
0.5862068965517241
0.5992544268406338
0.5610438024231128
0.543336439888164
0.5638397017707363
0.5573159366262814
0.5684995340167754
0.5750232991612302
0.6206896551724138
0.6104380242311277
0.6290773532152842
0.6710158434296365
0.6719478098788444
0.6691519105312209
0.6486486486486487
0.6430568499534017
0.6784715750232991
0.7176141658900279
0.7241379310344828
0.723205964585275
0.7129543336439889
0.7250698974836906
0.7017707362534948
0.6728797763280522
0.6924510717614166
0.6915191053122087
0.6551724137931034
0.6393289841565704
0.7437092264678472
0.7707362534948742
0.7865796831314072
0.7958993476234856
0.7912395153774464
0.7726001863932899
0.744641192917055
0.706430568499534
0.6449207828518173
0.5554520037278659
0.5405405405405406
0.5424044734389561
0.5405405405405406
0.5740913327120224
0.587138863000932
0.543336439888164
0.5368126747437092
0.5041938490214353
0.46225535880708296
0.3299161230195713
0.2684063373718546
0.30288909599254427
0.32246039142590865
0.3336439888164026
0.3886300093196645
0.4361602982292637
0.4426840633737186
0.43895619757688725
0.20037278657968313
0.2637465051258155
0.24603914259086673
0.23392357875116496
0.25629077353215285
0.23671947809878843
0.24324324324324326
0.3066169617893756
0.34203168685927304
0.33271202236719477
0.37744641192917056
0.4175209692451072
0.4091332712022367
0.4016775396085741
0.4109972041006524
0.4930102516309413
0.48555452003727867
0.4594594594594595
0.46505125815470644
0.4678471575023299
0.41565703634669154
0.418452935694315
0.4743709226467847
0.4911463187325256
0.5032618825722274
0.5256290773532153
0.5452003727865797
0.543336439888164
0.5079217148182665
0.48928238583411
0.43988816402609504
0.4547996272134203
0.5153774464119292
0.5116495806150979
0.5414725069897484
0.5806150978564771
0.5992544268406338
0.6318732525629077
0.5983224603914259
0.587138863000932
0.6225535880708295
0.6635601118359739
0.6449207828518173
0.6356011183597391
0.6561043802423113
0.6812674743709226
0.6766076421248836
0.6710158434296365
0.5843429636533085
0.5936626281453867
0.6123019571295434
0.5824790307548928
0.5740913327120224
0.5340167753960857
0.5517241379310345
0.5880708294501398
0.6197576887232059
0.6001863932898416
0.5740913327120224
0.6011183597390494
0.5750232991612302
0.5601118359739049
0.5787511649580616
0.641192917054986
0.6495806150978565
0.7017707362534948
0.7315936626281454
0.744641192917055
0.7371854613233924
0.7381174277726001
0.7642124883504194
0.744641192917055
0.7670083876980429
0.7707362534948742
0.7847157502329916
0.7800559179869525
0.8490214352283317
0.8732525629077353
0.8909599254426841
0.9086672879776329
0.8499534016775396
0.8928238583410997
0.9012115563839702
0.9431500465983225
0.9245107176141659
0.8909599254426841
0.8974836905871388
0.923578751164958
0.9375582479030755
0.9226467847157502
0.8946877912395154
0.821062441752097
0.9366262814538676
1.0
0.9794967381174278
0.9496738117427772
0.9366262814538676
0.9254426840633737
0.9273066169617894
0.918918918918919
0.8350419384902144
0.7912395153774464
0.7856477166821995
0.8173345759552656
0.8005591798695247
0.8173345759552656
0.8704566635601119
0.8546132339235788
0.7548928238583411
0.6775396085740913
0.706430568499534
0.7045666356011183
0.6924510717614166
0.700838769804287
0.7194780987884436
0.6980428704566636
0.6980428704566636
0.6756756756756757
0.6328052190121156
0.6449207828518173
0.5629077353215284
0.5796831314072693
0.6272134203168686
0.6589002795899348
0.6001863932898416
0.6272134203168686
0.6505125815470643
0.6598322460391426
0.6598322460391426
0.6272134203168686
0.581547064305685
0.6123019571295434
0.6001863932898416
0.608574091332712
0.6356011183597391
0.6542404473438956
0.5834109972041006
0.5787511649580616
0.5116495806150979
0.4641192917054986
0.4296365330848089
0.4725069897483691
0.46225535880708296
0.44641192917054984
0.4147250698974837
0.4044734389561976
0.3466915191053122
0.34109972041006525
0.3336439888164026
0.3364398881640261
0.35880708294501396
0.3504193849021435
0.32805219012115566
0.29916123019571295
0.34855545200372784
0.2749301025163094
0.16775396085740912
0.16402609506057783
0.16868592730661697
0.19012115563839702
0.19198508853681268
0.0009319664492078285
0.0
0.0754892823858341
0.08294501397949673
0.06989748369058714
0.06616961789375582
0.03168685927306617
0.08201304753028892
0.15284249767008387
0.18825722273998136
0.1863932898415657
0.17707362534948742
0.1929170549860205
0.2031686859273066
0.21155638397017706
0.18080149114631874
0.1276794035414725
0.11835973904939422
0.1015843429636533
0.09506057781919851