0 344.0
1 324.0
2 318.0
3 308.0
4 290.0
5 255.0
6 235.0
7 195.0
8 179.0
9 164.0
10 163.0
11 148.0
12 153.0
13 157.0
14 137.0
15 114.0
16 101.0
17 127.0
18 113.0
19 112.0
20 110.0
21 104.0
22 102.0
23 96.0
24 93.0
25 94.0
26 92.0
27 103.0
28 105.0
29 100.0
30 96.0
31 97.0
32 99.0
33 104.0
34 111.0
35 128.0
36 9.0
37 17.0
38 35.0
39 47.0
40 50.0
41 43.0
42 30.0
43 19.0
44 12.0
45 9.0
46 12.0
47 16.0
48 24.0
49 27.0
50 19.0
51 8.0
52 20.0
53 28.0
54 35.0
55 25.0
56 39.0
57 60.0
58 59.0
59 57.0
60 70.0
61 66.0
62 68.0
63 74.0
64 86.0
65 83.0
66 83.0
67 82.0
68 81.0
69 81.0
70 86.0
71 94.0
72 102.0
73 101.0
74 107.0
75 107.0
76 114.0
77 118.0
78 121.0
79 130.0
80 113.0
81 96.0
82 87.0
83 91.0
84 97.0
85 102.0
86 104.0
87 108.0
88 108.0
89 100.0
90 100.0
91 98.0
92 101.0
93 108.0
94 108.0
95 110.0
96 105.0
97 106.0
98 106.0
99 106.0
100 108.0
101 108.0
102 106.0
103 105.0
104 105.0
105 111.0
106 116.0
107 106.0
108 103.0
109 103.0
110 97.0
111 95.0
112 96.0
113 94.0
114 92.0
115 86.0
116 76.0
117 75.0
118 88.0
119 81.0
120 76.0
121 81.0
122 81.0
123 86.0
124 76.0
125 71.0
126 53.0
127 32.0
128 -36.0
129 -32.0
130 -13.0
131 -19.0
132 -27.0
133 -16.0
134 -11.0
135 -10.0
136 -14.0
137 -27.0
138 -29.0
139 -36.0
140 -46.0
141 -32.0
142 -31.0
143 0.0
144 8.0
145 22.0
146 22.0
147 21.0
148 20.0
149 8.0
150 8.0
151 9.0
152 18.0
153 19.0
154 22.0
155 9.0
156 6.0
157 16.0
158 8.0
159 9.0
160 6.0
161 3.0
162 7.0
163 4.0
164 5.0
165 13.0
166 6.0
167 5.0
168 8.0
169 11.0
170 16.0
171 10.0
172 7.0
173 10.0
174 13.0
175 17.0
176 16.0
177 22.0
178 23.0
179 22.0
180 25.0
181 29.0
182 36.0
183 30.0
184 28.0
185 30.0
186 39.0
187 44.0
188 43.0
189 42.0
190 34.0
191 44.0
192 48.0
193 44.0
194 43.0
195 38.0
196 25.0
197 28.0
198 25.0
199 29.0
200 32.0
201 19.0
202 11.0
203 1.0
204 -17.0
205 -18.0
206 -12.0
207 -12.0
208 3.0
209 18.0
210 19.0
211 25.0
212 30.0
213 31.0
214 29.0
215 35.0
216 50.0
217 63.0
218 58.0
219 56.0
220 53.0
221 55.0
222 64.0
223 69.0
224 80.0
225 81.0
226 74.0
227 72.0
228 81.0
229 95.0
230 118.0
231 120.0
232 132.0
233 148.0
234 152.0
235 155.0
236 134.0
237 135.0
238 142.0
239 137.0
240 130.0
241 135.0
242 142.0
243 160.0
244 152.0
245 160.0
246 166.0
247 150.0
248 135.0
249 116.0
250 115.0
251 116.0
252 123.0
253 125.0
254 119.0
255 115.0
256 108.0
257 112.0
258 112.0
259 104.0
260 98.0
261 90.0
262 79.0
263 92.0
264 98.0
265 108.0
266 103.0
267 100.0
268 104.0
269 98.0
270 98.0
271 100.0
272 107.0
273 103.0
274 102.0
275 131.0
276 126.0
277 124.0
278 129.0
279 126.0
280 115.0
281 110.0
282 143.0
283 174.0
284 181.0
285 197.0
286 143.0
287 141.0
288 203.0
289 217.0
290 200.0
291 176.0
292 185.0
293 190.0
294 203.0
295 203.0
296 198.0
297 210.0
298 220.0
299 222.0
300 222.0
301 233.0
302 237.0
303 266.0
304 323.0
305 336.0
306 334.0
307 377.0
308 378.0
309 189.0
310 201.0
311 186.0
312 175.0
313 194.0
314 217.0
315 231.0
316 184.0
317 203.0
318 202.0
319 164.0
320 131.0
321 151.0
322 170.0
323 131.0
324 133.0
325 150.0
326 142.0
327 148.0
328 150.0
329 155.0
330 159.0
331 161.0
332 182.0
333 191.0
334 181.0
335 184.0
336 188.0
337 179.0
338 188.0
339 195.0
340 192.0
341 214.0
342 230.0
343 230.0
344 207.0
345 212.0
346 196.0
347 191.0
348 203.0
349 210.0
350 191.0
351 181.0
352 182.0
353 187.0
354 178.0
355 179.0
356 179.0
357 181.0
358 167.0
359 170.0
360 172.0
361 176.0
362 179.0
363 172.0
364 156.0
365 150.0
366 134.0
367 133.0
368 171.0
369 155.0
370 158.0
371 157.0
372 149.0
373 137.0
374 142.0
375 127.0
376 134.0
377 146.0
378 171.0
379 187.0
380 207.0
381 220.0
382 218.0
383 193.0
384 186.0
385 199.0
386 186.0
387 174.0
388 174.0
389 178.0
390 186.0
391 172.0
392 168.0
393 166.0
394 174.0
395 168.0
396 179.0
397 248.0
398 251.0
399 233.0
400 214.0
401 240.0
402 235.0
403 250.0
404 270.0
405 321.0
406 363.0
407 362.0
408 338.0
409 236.0
410 247.0
411 229.0
412 219.0
413 246.0
414 261.0
415 250.0
416 276.0
417 288.0
418 301.0
419 281.0
420 277.0
421 277.0
422 292.0
423 295.0
424 293.0
425 301.0
426 302.0
427 287.0
428 296.0
429 321.0
430 359.0
431 343.0
432 338.0
433 300.0
434 295.0
435 308.0
436 314.0
437 317.0
438 311.0
439 317.0
440 319.0
441 328.0
442 338.0
443 348.0
444 405.0
445 454.0
446 445.0
447 403.0
448 408.0
449 381.0
450 383.0
451 369.0
452 359.0
453 382.0
454 394.0
455 387.0
456 400.0
457 406.0
458 417.0
459 439.0
460 480.0
461 468.0
462 455.0
463 285.0
464 318.0
465 318.0
466 394.0
467 342.0
468 385.0
469 414.0
470 413.0
471 367.0
472 370.0
473 361.0
474 332.0
475 335.0
476 365.0
477 370.0
478 381.0
479 398.0
480 420.0
481 395.0
482 394.0
483 380.0
484 397.0
485 409.0
486 419.0
487 418.0
488 439.0
489 437.0
490 424.0
491 382.0
492 369.0
493 391.0
494 391.0
495 392.0
496 370.0
497 371.0
498 338.0
499 351.0
500 290.0
501 275.0
502 287.0
503 292.0
504 288.0
505 304.0
506 273.0
507 285.0
508 308.0
509 298.0
510 296.0
511 284.0
512 286.0
513 289.0
514 286.0
515 280.0
516 267.0
517 235.0
518 207.0
519 160.0
520 141.0
521 100.0
522 110.0
523 97.0
524 72.0
525 30.0
526 15.0
527 -17.0
528 -8.0
529 -13.0
530 -15.0
531 19.0
532 6.0
533 -46.0
534 -52.0
535 -54.0
536 -28.0
537 189.0
538 215.0
539 226.0
540 224.0
541 204.0
542 182.0
543 38.0
544 52.0
545 48.0
546 27.0
547 -23.0
548 -34.0
549 25.0
550 57.0
551 43.0
552 23.0
553 30.0
554 44.0
555 52.0
556 49.0
557 58.0
558 33.0
559 30.0
560 29.0
561 44.0
562 44.0
563 44.0
564 41.0
565 19.0
566 -14.0
567 -23.0
568 -42.0
569 -62.0
570 -103.0
571 -137.0
572 -115.0
573 -113.0
574 -81.0
575 -81.0
576 -69.0
577 -86.0
578 -117.0
579 -153.0
580 -157.0
581 -123.0
582 -98.0
583 -111.0
584 -80.0
585 -74.0
586 -37.0
587 -19.0
588 -6.0
589 -15.0
590 -7.0
591 43.0
592 74.0
593 72.0
594 38.0
595 62.0
596 75.0
597 79.0
598 110.0
599 135.0
600 145.0
601 151.0
602 142.0
603 133.0
604 126.0
605 96.0
606 63.0
607 47.0
608 30.0
609 16.0
610 -7.0
611 19.0
612 16.0
613 6.0
614 13.0
615 19.0
616 30.0
617 64.0
618 61.0
619 65.0
620 95.0
621 109.0
622 83.0
623 73.0
624 77.0
625 77.0
626 98.0
627 97.0
628 67.0
629 71.0
630 62.0
631 106.0
632 116.0
633 120.0
634 96.0
635 79.0
636 86.0
637 70.0
638 76.0
639 112.0
640 135.0
641 137.0
642 123.0
643 106.0
644 88.0
645 98.0
646 132.0
647 144.0
648 164.0
649 183.0
650 160.0
651 156.0
652 209.0
653 238.0
654 240.0
655 245.0
656 249.0
657 237.0
658 217.0
659 209.0
660 224.0
661 253.0
662 246.0
663 244.0
664 225.0
665 251.0
666 229.0
667 217.0
668 223.0
669 244.0
670 258.0
671 280.0
672 297.0
673 299.0
674 284.0
675 316.0
676 325.0
677 358.0
678 326.0
679 325.0
680 329.0
681 307.0
682 338.0
683 337.0
684 338.0
685 310.0
686 270.0
687 255.0
688 283.0
689 198.0
690 157.0
691 171.0
692 191.0
693 188.0
694 171.0
695 172.0
696 207.0
697 257.0
698 267.0
699 304.0
700 338.0
701 326.0
702 105.0
703 108.0
704 85.0
705 44.0
706 24.0
707 33.0
708 35.0
709 38.0
710 8.0
711 -1.0
712 6.0
713 17.0
714 16.0
715 15.0
716 24.0
717 13.0
718 12.0
719 29.0
720 55.0
721 102.0
722 72.0
723 54.0
724 40.0
725 41.0
726 27.0
727 40.0
728 48.0
729 65.0
730 80.0
731 67.0
732 51.0
733 54.0
734 57.0
735 41.0
736 38.0
737 45.0
738 38.0
739 35.0
740 37.0
741 41.0
742 33.0
743 24.0
744 9.0
745 -24.0
746 -31.0
747 -8.0
748 -7.0
749 4.0
750 15.0
751 15.0
752 15.0
753 14.0
754 29.0
755 63.0
756 73.0
757 58.0
758 63.0
759 89.0
760 84.0
761 58.0
762 67.0
763 50.0
764 64.0
765 30.0
766 40.0
767 55.0
768 67.0
769 60.0
770 82.0
771 91.0
772 87.0
773 61.0
774 81.0
775 100.0
776 103.0
777 112.0
778 115.0
779 110.0
780 135.0
781 150.0
782 181.0
783 137.0
784 115.0
785 136.0
786 166.0
787 154.0
788 157.0
789 352.0
790 336.0
791 329.0
792 361.0
793 370.0
794 95.0
795 106.0
796 85.0
797 96.0
798 95.0
799 93.0
800 114.0
801 124.0
802 116.0
803 124.0
804 137.0
805 126.0
806 112.0
807 108.0
808 109.0
809 94.0
810 68.0
811 72.0
812 87.0
813 93.0
814 92.0
815 98.0
816 101.0
817 97.0
818 105.0
819 132.0
820 153.0
821 170.0
822 173.0
823 185.0
824 173.0
825 182.0
826 211.0
827 207.0
828 212.0
829 223.0
830 214.0
831 181.0
832 152.0
833 167.0
834 159.0
835 135.0
836 133.0
837 138.0
838 123.0
839 110.0
840 86.0
841 80.0
842 72.0
843 91.0
844 91.0
845 104.0
846 117.0
847 127.0
848 146.0
849 136.0
850 124.0
851 109.0
852 110.0
853 103.0
854 85.0
855 73.0
856 73.0
857 69.0
858 69.0
859 58.0
860 53.0
861 80.0
862 107.0
863 94.0
864 78.0
865 62.0
866 68.0
867 67.0
868 80.0
869 77.0
870 85.0
871 55.0
872 42.0
873 29.0
874 33.0
875 32.0
876 37.0
877 16.0
878 -6.0
879 -18.0
880 -27.0
881 -46.0
882 -93.0
883 78.0
884 63.0
885 -102.0
886 -98.0
887 -55.0
888 -63.0
889 -52.0
890 -47.0
891 -26.0
892 15.0
893 4.0
894 7.0
895 -5.0
896 -1.0
897 11.0
898 14.0
899 -4.0
900 -34.0
901 -95.0
902 -111.0
903 -92.0
904 -53.0
905 -77.0
906 -125.0
907 -137.0
908 -160.0
909 -152.0
910 -145.0
911 -123.0
912 -134.0
913 -120.0
914 -96.0
915 -77.0
916 -97.0
917 -94.0
918 -136.0
919 -170.0
920 -191.0
921 -187.0
922 -206.0
923 -238.0
924 -227.0
925 -235.0
926 -268.0
927 -262.0
928 -256.0
929 -275.0
930 -323.0
931 -316.0
932 -344.0
933 -359.0
934 -347.0
935 -288.0
936 -259.0
937 -218.0
938 -253.0
939 -291.0
940 -255.0
941 -259.0
942 -297.0
943 -298.0
944 -284.0
945 -234.0
946 -206.0
947 -119.0
948 -104.0
949 -156.0
950 -164.0
951 -171.0
952 -188.0
953 -171.0
954 179.0
955 -87.0
956 -86.0
957 -85.0
958 -81.0
959 -55.0
960 -29.0
961 -30.0
962 -19.0
963 17.0
964 17.0
965 5.0
966 14.0
967 18.0
968 5.0
969 -34.0
970 -29.0
971 -22.0
972 -40.0
973 -71.0
974 -56.0