0.5294117647058824
0.5320855614973262
0.5017825311942959
0.4839572192513369
0.46702317290552586
0.5133689839572193
0.5213903743315508
0.5365418894830659
0.4982174688057041
0.47771836007130125
0.5044563279857398
0.5062388591800356
0.5303030303030303
0.5659536541889483
0.6158645276292335
0.5855614973262032
0.6024955436720143
0.6327985739750446
0.6238859180035651
0.6212121212121212
0.6016042780748663
0.5971479500891266
0.6176470588235294
0.624777183600713
0.6221033868092691
0.6345811051693404
0.6203208556149733
0.6087344028520499
0.5909090909090909
0.5864527629233511
0.5971479500891266
0.6114081996434938
0.5641711229946524
0.5793226381461676
0.6702317290552585
0.6827094474153298
0.6871657754010695
0.7023172905525846
0.67825311942959
0.6524064171122995
0.6292335115864528
0.6158645276292335
0.5392156862745098
0.43672014260249553
0.4197860962566845
0.41354723707664887
0.4090909090909091
0.44563279857397503
0.4358288770053476
0.3805704099821747
0.34670231729055256
0.35472370766488415
0.3342245989304813
0.1889483065953654
0.10338680926916222
0.14705882352941177
0.16310160427807488
0.0
0.06684491978609626
0.11853832442067737
0.0962566844919786
0.08467023172905526
0.10160427807486631
0.15240641711229946
0.15418894830659535
0.13279857397504458
0.15508021390374332
0.13814616755793227
0.12566844919786097
0.17736185383244207
0.21836007130124777
0.20231729055258468
0.23351158645276293
0.2816399286987522
0.28609625668449196
0.2825311942959002
0.2905525846702317
0.38235294117647056
0.3983957219251337
0.3698752228163993
0.36185383244206776
0.3591800356506239
0.31016042780748665
0.3074866310160428
0.3582887700534759
0.3778966131907308
0.38235294117647056
0.37967914438502676
0.37967914438502676
0.3627450980392157
0.32620320855614976
0.2976827094474153
0.2611408199643494
0.26737967914438504
0.2994652406417112
0.2994652406417112
0.3235294117647059
0.3511586452762923
0.3770053475935829
0.4376114081996435
0.43137254901960786
0.40730837789661317
0.4483065953654189
0.5089126559714795
0.4928698752228164
0.47950089126559714
0.5124777183600713
0.5481283422459893
0.5650623885918004
0.5650623885918004
0.4893048128342246
0.48128342245989303
0.49910873440285203
0.4590017825311943
0.4393939393939394
0.39215686274509803
0.39215686274509803
0.4358288770053476
0.4768270944741533
0.4714795008912656
0.44563279857397503
0.47771836007130125
0.46880570409982175
0.46524064171123
0.483065953654189
0.5463458110516934
0.5543672014260249
0.6140819964349377
0.6470588235294118
0.6354723707664884
0.6042780748663101
0.6167557932263814
0.6559714795008913
0.6515151515151515
0.6675579322638147
0.6720142602495544
0.6737967914438503
0.6720142602495544
0.7308377896613191
0.7807486631016043
0.8092691622103387
0.8377896613190731
0.7780748663101604
0.8199643493761141
0.8235294117647058
0.8823529411764706
0.8841354723707665
0.8627450980392157
0.8770053475935828
0.9188948306595366
0.9741532976827094
0.8074866310160428
0.7941176470588235
0.8707664884135472
0.9777183600713012
1.0
0.9875222816399287
0.9491978609625669
0.9322638146167558
0.9028520499108734
0.8680926916221033
0.8698752228163993
0.7869875222816399
0.7557932263814616
0.7468805704099821
0.7664884135472371
0.7477718360071302
0.7798573975044564
0.857397504456328
0.8966131907308378
0.8155080213903744
0.7245989304812834
0.7174688057040999
0.7370766488413547
0.768270944741533
0.7869875222816399
0.8253119429590018
0.7976827094474154
0.7914438502673797
0.750445632798574
0.7192513368983957
0.7183600713012478
0.6185383244206774
0.6176470588235294
0.6809269162210339
0.7085561497326203
0.6898395721925134
0.7459893048128342
0.7869875222816399
0.7923351158645277
0.8092691622103387
0.8065953654188949
0.7531194295900179
0.7896613190730838
0.8074866310160428
0.8101604278074866
0.8306595365418895
0.8654188948306596
0.8404634581105169
0.8297682709447415
0.7905525846702317
0.7584670231729055
0.714795008912656
0.7032085561497327
0.6675579322638147
0.6158645276292335
0.6167557932263814
0.6408199643493762
0.553475935828877
0.551693404634581
0.5784313725490197
0.5819964349376114
0.5909090909090909
0.5383244206773619
0.4919786096256685
0.3868092691622103
0.4206773618538324
0.3966131907308378
0.30124777183600715
0.30392156862745096
0.3235294117647059
0.32887700534759357
0.01871657754010695
0.07308377896613191
0.07130124777183601
0.14260249554367202
0.14616755793226383
0.11051693404634581
0.08377896613190731
0.05169340463458111
0.09001782531194295
0.12566844919786097
0.15953654188948307
0.16844919786096257
0.15151515151515152
0.16310160427807488
0.18449197860962566
0.22727272727272727
0.19340463458110516
0.13636363636363635
0.14349376114081996
0.15508021390374332
0.1354723707664884