0, 2620.000000, 2483.000000, -11, 106.090515, -207.036872, 9.908651
1, 2576.000000, 2462.000000, 0, 98.758210, -133.729759, 159.030185
2, 2558.000000, 2457.000000, 0, 110.035370, -128.085315, 155.420802
3, 2592.000000, 2465.000000, 0, 114.373200, -122.700027, 152.055961
4, 2608.000000, 2495.000000, 0, 107.394226, -117.604571, 148.955532
5, 2612.000000, 2500.000000, 0, 106.402374, -112.821084, 146.132340
6, 2606.000000, 2496.000000, 0, 120.709380, -108.367553, 143.595417
7, 2592.000000, 2488.000000, 0, 17.422333, -104.260495, 141.353263
8, 2586.000000, 2484.000000, 0, 22.175995, -100.493941, 139.396014
9, 2576.000000, 2480.000000, 0, 38.094820, -97.006406, 137.665023
10, 2580.000000, 2487.000000, 0, 42.842620, -93.688362, 136.059008
11, 2574.000000, 2480.000000, 0, 57.235962, -90.395389, 134.443837
12, 2578.000000, 2486.000000, 0, 51.176330, -86.985751, 132.688061
13, 2588.000000, 2485.000000, 0, 24.776978, -83.349104, 130.691243
14, 2588.000000, 2483.000000, 0, 13.649780, -79.383530, 128.361132
15, 2606.000000, 2506.000000, 0, 11.783203, -75.000013, 125.617328
16, 2628.000000, 2532.000000, 0, 4.837128, -70.156153, 122.422787
17, 2612.000000, 2515.000000, 0, 9.594543, -64.877457, 118.803412
18, 2588.000000, 2489.000000, 0, 16.811188, -59.241976, 114.833428
19, 2600.000000, 2496.000000, 0, 23.205566, -53.348534, 110.605851
20, 2598.000000, 2487.000000, 0, 20.846283, -47.297779, 106.215131
21, 2584.000000, 2456.000000, 0, 18.560974, -41.188238, 101.753456
22, 2588.000000, 2579.000000, 0, 12.962067, -35.117359, 97.311170
23, 2586.000000, 2569.000000, 0, 21.503540, -29.196332, 92.990546
24, 2568.000000, 2533.000000, 0, 23.602203, -23.555075, 88.910573
25, 2556.000000, 2509.000000, 0, 30.194427, -18.317684, 85.183923
26, 2534.000000, 2484.000000, 0, 29.219666, -13.579249, 81.895501
27, 2514.000000, 2471.000000, 0, 40.508423, -9.397859, 79.094964
28, 2494.000000, 2464.000000, 0, 62.857452, -5.805480, 76.808086
29, 2506.000000, 2487.000000, 0, 55.242554, -2.795518, 75.025267
30, 2512.000000, 2500.000000, 0, 60.941772, -0.333503, 73.711967
31, 2512.000000, 2503.000000, 0, 62.913788, 1.618664, 72.831834
32, 2526.000000, 2514.000000, 0, 64.962430, 3.115223, 72.333567
33, 2514.000000, 2498.000000, -11, 77.117460, 4.217483, 72.159809
34, 2510.000000, 2486.000000, -12, 82.044430, 4.995022, 72.246741
35, 2514.000000, 2487.000000, -11, 79.626160, 5.534796, 72.516129
36, 2538.000000, 2519.000000, -11, 82.624480, 5.930320, 72.884510
37, 2560.000000, 2552.000000, -11, 88.630280, 6.247050, 73.293150
38, 2546.000000, 2526.000000, -11, 85.736240, 6.490003, 73.737620
39, 2528.000000, 2500.000000, -11, 81.484190, 6.617385, 74.256078
40, 2490.000000, 2455.000000, -12, 83.984710, 6.554873, 74.918514
41, 2494.000000, 2469.000000, -12, 89.172940, 6.232782, 75.791433
42, 2484.000000, 2445.000000, -12, 94.568540, 5.611236, 76.912678
43, 2466.000000, 2406.000000, -12, 101.286560, 4.650223, 78.320168
44, 2426.000000, 2367.000000, -12, 101.409390, 3.304320, 80.056182
45, 2410.000000, 2353.000000, -12, 106.504640, 1.545641, 82.144998
46, 2394.000000, 2324.000000, -12, 105.989840, -0.619750, 84.577814
47, 2374.000000, 2308.000000, -12, 114.921140, -3.159334, 87.320678
48, 2370.000000, 2302.000000, -12, 119.158570, -6.028240, 90.327925
49, 2354.000000, 2280.000000, -12, 120.924930, -9.182724, 93.554604
50, 2378.000000, 2292.000000, -12, 129.686500, -12.589469, 96.964952
51, 2404.000000, 2321.000000, -12, 115.709656, -16.223107, 100.530347
52, 2398.000000, 2315.000000, 0, 100.920320, -20.043902, 104.209846
53, 2394.000000, 2312.000000, 0, 90.795135, -23.975368, 107.931594
54, 2400.000000, 2319.000000, 0, 90.032500, -27.912424, 111.602129
55, 2378.000000, 2297.000000, 0, 100.746280, -31.746194, 115.128702
56, 2366.000000, 2280.000000, 0, 107.931366, -35.387138, 118.438850
57, 2402.000000, 2308.000000, 0, 106.622560, -38.765410, 121.478127
58, 2424.000000, 2322.000000, 0, 106.950900, -41.841270, 124.219311
59, 2466.000000, 2365.000000, 0, 107.461790, -44.593234, 126.650709
60, 2496.000000, 2389.000000, 0, 97.263000, -47.001948, 128.760417
61, 2513.000000, 2406.000000, 0, 96.663790, -49.065436, 130.551956
62, 2487.000000, 2373.000000, 0, 96.864044, -50.782989, 132.029189
63, 2478.000000, 2360.000000, 0, 102.459900, -52.153594, 133.194938
64, 2521.000000, 2400.000000, 0, 109.796420, -53.187890, 134.061776
65, 2551.000000, 2421.000000, 0, 109.858640, -53.905562, 134.648735
66, 2544.000000, 2431.000000, 0, 111.269930, -54.332607, 134.978624
67, 2510.000000, 2414.000000, 0, 108.063900, -54.505895, 135.082457
68, 2491.000000, 2404.000000, 0, 105.888730, -54.476611, 135.003013
69, 2510.000000, 2419.000000, 0, 106.242950, -54.305986, 134.791310
70, 2500.000000, 2403.000000, 0, 106.873990, -54.062378, 134.504328
71, 2493.000000, 2391.000000, 0, 110.798645, -53.818097, 134.202365
72, 2467.000000, 2363.000000, 0, 112.467560, -53.640329, 133.941086
73, 2469.000000, 2361.000000, 0, 108.673096, -53.581459, 133.763371
74, 2469.000000, 2361.000000, 0, 107.483310, -53.675157, 133.696362
75, 2446.000000, 2346.000000, 0, 105.388950, -53.937992, 133.753251
76, 2420.000000, 2320.000000, 0, 110.608700, -54.371117, 133.934688
77, 2430.000000, 2332.000000, 0, 117.351930, -54.962697, 134.230633
78, 2443.000000, 2342.000000, 0, 109.486020, -55.691858, 134.623948
79, 2448.000000, 2340.000000, 0, 104.747590, -56.527556, 135.090005
80, 2472.000000, 2364.000000, 0, 102.688050, -57.422044, 135.591196
81, 2465.000000, 2355.000000, 0, 96.877530, -58.313887, 136.078785
82, 2464.000000, 2359.000000, 0, 97.208680, -59.148151, 136.509253
83, 2455.000000, 2349.000000, 0, 99.177280, -59.892943, 136.857646
84, 2471.000000, 2365.000000, 0, 94.813385, -60.537907, 137.116358
85, 2477.000000, 2371.000000, 0, 94.026855, -61.080335, 137.283924
86, 2471.000000, 2363.000000, 0, 88.870605, -61.511838, 137.353937
87, 2454.000000, 2346.000000, 0, 76.830810, -61.813576, 137.311276
88, 2447.000000, 2341.000000, 0, 75.594666, -61.954062, 137.130338
89, 2438.000000, 2333.000000, 0, 86.903690, -61.888411, 136.773713
90, 2449.000000, 2344.000000, 0, 81.279450, -61.573725, 136.205030
91, 2451.000000, 2340.000000, 0, 76.532870, -60.992229, 135.409419
92, 2465.000000, 2349.000000, 0, 81.355160, -60.148345, 134.390555
93, 2427.000000, 2321.000000, 0, 79.709290, -59.054979, 133.158639
94, 2396.000000, 2293.000000, 0, 85.281710, -57.733399, 131.731309
95, 2369.000000, 2266.000000, 0, 77.697266, -56.212885, 130.133563
96, 2328.000000, 2231.000000, 0, 71.055240, -54.527263, 128.394537
97, 2333.000000, 2238.000000, 0, 55.510803, -52.709042, 126.541751
98, 2347.000000, 2251.000000, 0, 37.851685, -50.778601, 124.590891
99, 2328.000000, 2234.000000, 0, -17.589966, -48.734379, 122.537415
100, 2331.000000, 2239.000000, 0, -22.485657, -46.552812, 120.355564
101, 2313.000000, 2227.000000, 0, -7.457428, -44.251873, 118.057821
102, 2297.000000, 2221.000000, 0, -12.785309, -41.919786, 115.722307
103, 2281.000000, 2206.000000, 0, -19.000336, -39.656794, 113.437945
104, 2219.000000, 2131.000000, 0, -17.516571, -37.556729, 111.288581
105, 2211.000000, 2130.000000, 0, -19.439667, -35.711948, 109.358089
106, 2190.000000, 2114.000000, 0, -17.326813, -34.197478, 107.715848
107, 2215.000000, 2134.000000, 0, -16.397522, -33.055741, 106.403479
108, 2146.000000, 2065.000000, 0, -28.661499, -32.301090, 105.438694
109, 2077.000000, 1991.000000, 0, -29.911163, -31.938792, 104.831136
110, 2015.000000, 1939.000000, 0, -30.686127, -31.977784, 104.592741
111, 2046.000000, 1975.000000, 14, -36.719147, -32.427884, 104.734521
112, 2086.000000, 2033.000000, 0, -31.275238, -33.296965, 105.264214
113, 2045.000000, 2013.000000, 0, -25.293549, -34.586055, 106.182626
114, 2037.000000, 2073.000000, 0, -3.654450, -36.274133, 107.470990
115, 2025.000000, 2057.000000, 0, 5.233093, -38.302223, 109.077827
116, 2021.000000, 2034.000000, 0, 14.361847, -40.564945, 110.911108
117, 2025.000000, 2044.000000, 0, 19.107880, -42.920580, 112.846010
118, 2065.000000, 2092.000000, 0, 21.331024, -45.209639, 114.740561
119, 2085.000000, 2101.000000, 0, 21.214722, -47.268957, 116.448695
120, 2042.000000, 2053.000000, 0, 14.536285, -48.938949, 117.827510
121, 2028.000000, 2038.000000, 0, 11.027344, -50.079767, 118.752013
122, 2034.000000, 2048.000000, 0, 15.218628, -50.596520, 119.138270
123, 2049.000000, 2076.000000, 0, 20.846008, -50.436143, 118.940147
124, 2045.000000, 2074.000000, 0, 23.951447, -49.569730, 118.132950
125, 2062.000000, 2098.000000, 0, 27.672485, -47.987303, 116.708569
126, 2051.000000, 2097.000000, 0, 12.801422, -45.709121, 114.685974
127, 2060.000000, 2092.000000, 0, 3.189911, -42.805553, 112.129282
128, 2068.000000, 2099.000000, 0, 12.056824, -39.417729, 109.166588
129, 2085.000000, 2085.000000, 0, 10.963074, -35.749737, 105.984444
130, 2101.000000, 2093.000000, 0, 10.581726, -31.978311, 102.743831
131, 2103.000000, 2081.000000, 0, 9.090027, -28.218969, 99.548748
132, 2083.000000, 2061.000000, 0, 4.357697, -24.581972, 96.498921
133, 2071.000000, 2050.000000, 0, 6.623749, -21.180910, 93.696377
134, 2081.000000, 2061.000000, 0, 6.125763, -18.118290, 91.232192
135, 2069.000000, 2061.000000, 0, 2.858185, -15.484985, 89.186478
136, 2097.000000, 2089.000000, 0, 11.736145, -13.362991, 87.630833
137, 2094.000000, 2085.000000, 0, 6.770783, -11.813893, 86.618135
138, 2092.000000, 2074.000000, 0, 6.299835, -10.859909, 86.165863
139, 2077.000000, 2058.000000, 0, 7.445892, -10.482076, 86.255240
140, 2059.000000, 2037.000000, 0, 10.301971, -10.625944, 86.836835
141, 2042.000000, 2033.000000, 0, 16.763855, -11.199183, 87.828358
142, 2038.000000, 2032.000000, 0, 13.820496, -12.074682, 89.117229
143, 1985.000000, 1969.000000, 0, 9.949005, -13.108891, 90.575902
144, 1949.000000, 1941.000000, 0, 10.415405, -14.174752, 92.090371
145, 1962.000000, 1953.000000, 0, 14.018524, -15.186276, 93.582312
146, 1964.000000, 1958.000000, 0, 17.943909, -16.095413, 95.007099
147, 1984.000000, 1981.000000, 0, 18.738922, -16.880815, 96.345104
148, 1967.000000, 1960.000000, 0, 21.054626, -17.533284, 97.588600
149, 1962.000000, 1958.000000, 0, 22.761200, -18.044311, 98.730605
150, 1962.000000, 1957.000000, 0, 22.564240, -18.400260, 99.759428
151, 1938.000000, 1925.000000, 0, 24.800720, -18.574714, 100.651330
152, 1935.000000, 1929.000000, 0, 30.094818, -18.535881, 101.377395
153, 1968.000000, 1963.000000, 0, 35.907104, -18.260219, 101.916273
154, 1961.000000, 1953.000000, 0, 31.727540, -17.737517, 102.259055
155, 1967.000000, 1956.000000, 0, 29.293762, -16.968208, 102.406502
156, 1951.000000, 1935.000000, 0, 30.428650, -15.968387, 102.373849
157, 1933.000000, 1923.000000, 0, 38.304750, -14.760699, 102.182135
158, 1933.000000, 1926.000000, 0, 45.286163, -13.360924, 101.845536
159, 1945.000000, 1935.000000, 0, 44.403230, -11.783415, 101.376915
160, 1939.000000, 1926.000000, 0, 43.037903, -10.035707, 100.782426
161, 1925.000000, 1908.000000, 0, 35.624817, -8.122762, 100.065801
162, 1911.000000, 1895.000000, 0, 42.621980, -6.057690, 99.238613
163, 1913.000000, 1891.000000, 0, 48.631866, -3.862692, 98.320933
164, 1918.000000, 1895.000000, 0, 46.050080, -1.561161, 97.334108
165, 1920.000000, 1898.000000, 0, 45.636140, 0.829512, 96.293815
166, 1896.000000, 1871.000000, 0, 40.006560, 3.284074, 95.223004
167, 1868.000000, 1839.000000, 0, 27.015778, 5.758960, 94.161742
168, 1862.000000, 1826.000000, 0, 29.673248, 8.198258, 93.161355
169, 1863.000000, 1833.000000, 0, 27.857605, 10.534291, 92.283650
170, 1872.000000, 1844.000000, 0, 30.179138, 12.690075, 91.598299
171, 1884.000000, 1854.000000, 0, 33.576720, 14.587099, 91.175953
172, 1870.000000, 1831.000000, 0, 21.950745, 16.154861, 91.080361
173, 1877.000000, 1833.000000, 16, 12.712219, 17.342487, 91.357327
174, 1878.000000, 1835.000000, 16, 3.715179, 18.110284, 92.041136
175, 1870.000000, 1828.000000, 16, -10.306488, 18.414185, 93.166606
176, 1855.000000, 1821.000000, 16, -13.047638, 18.201289, 94.771223
177, 1848.000000, 1804.000000, 16, -8.982880, 17.412710, 96.892926
178, 1848.000000, 1800.000000, 16, -10.815094, 15.998429, 99.558880
179, 1852.000000, 1808.000000, 16, 0.383881, 13.931344, 102.776602
180, 1839.000000, 1796.000000, 0, 13.341370, 11.218517, 106.527989
181, 1839.000000, 1801.000000, 0, 15.234894, 7.914891, 110.759494
182, 1831.000000, 1806.000000, 0, 20.822754, 4.122117, 115.383458
183, 1820.000000, 1792.000000, 0, 24.720886, -0.029639, 120.293040
184, 1818.000000, 1793.000000, 0, 26.539429, -4.394346, 125.371864
185, 1816.000000, 1787.000000, 0, 28.722565, -8.805112, 130.487562
186, 1820.000000, 1788.000000, 0, 37.089233, -13.080257, 135.495450
187, 1801.000000, 1782.000000, 0, 50.809540, -17.045937, 140.258120
188, 1788.000000, 1777.000000, 0, 63.777588, -20.546125, 144.655069
189, 1780.000000, 1779.000000, 0, 62.067900, -23.434328, 148.575823
190, 1770.000000, 1787.000000, 0, 60.792694, -25.569057, 151.913808
191, 1781.000000, 1799.000000, 0, 54.859253, -26.834041, 154.581801
192, 1786.000000, 1798.000000, 0, 56.463287, -27.156245, 156.525937
193, 1773.000000, 1785.000000, 0, 66.931460, -26.517468, 157.735984
194, 1770.000000, 1767.000000, 0, 71.299990, -24.952540, 158.244688
195, 1779.000000, 1761.000000, 0, 81.382660, -22.524064, 158.104696
196, 1777.000000, 1758.000000, 0, 83.564640, -19.307644, 157.375323
197, 1777.000000, 1752.000000, 0, 75.401120, -15.382766, 156.114607
198, 1770.000000, 1740.000000, 0, 72.418976, -10.834058, 154.380989
199, 1740.000000, 1709.000000, 0, 79.365020, -5.773098, 152.254208
200, 1731.000000, 1702.000000, 0, 92.767914, -0.339589, 149.836831
201, 1705.000000, 1670.000000, 0, 118.510010, 5.319210, 147.236730
202, 1713.000000, 1663.000000, 0, 121.260990, 11.067529, 144.550829
203, 1739.000000, 1676.000000, 0, 130.330290, 16.769502, 141.878620
204, 1749.000000, 1691.000000, -17, 147.445920, 22.287002, 139.327183
205, 1724.000000, 1668.000000, -17, 150.740080, 27.494712, 136.997866
206, 1690.000000, 1637.000000, -18, 155.793400, 32.278103, 134.987162
207, 1685.000000, 1630.000000, -18, 137.087400, 36.539229, 133.380848
208, 1721.000000, 1657.000000, -17, 137.316650, 40.211064, 132.242783
209, 1718.000000, 1649.000000, -17, 145.842770, 43.270632, 131.602208
210, 1723.000000, 1643.000000, -17, 143.778960, 45.720429, 131.466368
211, 1742.000000, 1661.000000, -17, 138.343200, 47.568400, 131.835722
212, 1729.000000, 1655.000000, -17, 141.500950, 48.843103, 132.691320
213, 1730.000000, 1658.000000, -17, 141.808530, 49.605078, 133.986860
214, 1733.000000, 1652.000000, -17, 159.560850, 49.931759, 135.661740
215, 1746.000000, 1651.000000, -17, 152.732850, 49.901860, 137.652978
216, 1777.000000, 1659.000000, -17, 158.271120, 49.590814, 139.898584
217, 1790.000000, 1670.000000, -17, 165.552300, 49.068515, 142.338410
218, 1795.000000, 1663.000000, -17, 148.390380, 48.384727, 144.926196
219, 1831.000000, 1683.000000, 0, 135.112340, 47.572231, 147.629272
220, 1848.000000, 1696.000000, 0, 114.694700, 46.691213, 150.393262
221, 1892.000000, 1737.000000, 0, 114.742310, 45.858418, 153.117855
222, 1873.000000, 1739.000000, 0, 121.330230, 45.233407, 155.666145
223, 1853.000000, 1718.000000, 0, 131.251100, 44.976555, 157.899710
224, 1869.000000, 1727.000000, 0, 126.789890, 45.218129, 159.705987
225, 1866.000000, 1729.000000, 0, 119.038510, 46.053055, 161.002338
226, 1863.000000, 1733.000000, 0, 113.429140, 47.532045, 161.744487
227, 1900.000000, 1765.000000, 0, 105.726105, 49.661435, 161.927543
228, 1929.000000, 1787.000000, 0, 110.144840, 52.414466, 161.575837
229, 1949.000000, 1789.000000, 0, 110.353180, 55.728396, 160.745187
230, 1949.000000, 1797.000000, 0, 105.290680, 59.497638, 159.528462
231, 1938.000000, 1778.000000, 0, 100.128174, 63.569974, 158.059800
232, 1942.000000, 1776.000000, 0, 92.432950, 67.774626, 156.487731
233, 1926.000000, 1776.000000, 0, 81.517395, 71.941687, 154.955599
234, 1896.000000, 1761.000000, 0, 93.032104, 75.901132, 153.603665
235, 1878.000000, 1762.000000, 0, 95.745850, 79.505215, 152.552583
236, 1865.000000, 1750.000000, 0, 107.156130, 82.645088, 151.892839
237, 1859.000000, 1743.000000, 0, 103.695250, 85.246430, 151.688042
238, 1868.000000, 1745.000000, 0, 100.071720, 87.250830, 151.987747
239, 1899.000000, 1774.000000, 0, 101.860110, 88.612450, 152.828936
240, 1926.000000, 1807.000000, 0, 97.603455, 89.308862, 154.227489
241, 1942.000000, 1827.000000, 0, 101.476200, 89.338614, 156.180248
242, 1934.000000, 1826.000000, 0, 102.105316, 88.710856, 158.673237
243, 1925.000000, 1813.000000, 0, 107.391570, 87.458462, 161.671792
244, 1941.000000, 1829.000000, 0, 105.468660, 85.662196, 165.102994
245, 1945.000000, 1841.000000, 0, 107.198640, 83.453648, 168.853316
246, 1938.000000, 1840.000000, 0, 131.332150, 80.992698, 172.788275
247, 1948.000000, 1858.000000, 0, 125.664370, 78.470318, 176.751767
248, 1920.000000, 1841.000000, 0, 125.240940, 76.112800, 180.560629
249, 1907.000000, 1815.000000, 0, 130.183320, 74.123481, 184.050603
250, 1929.000000, 1831.000000, 0, 123.843960, 72.637932, 187.112706
251, 1920.000000, 1812.000000, 0, 117.884980, 71.731572, 189.688855
252, 1922.000000, 1819.000000, 0, 117.912630, 71.433857, 191.758912
253, 1942.000000, 1842.000000, 0, 145.543850, 71.726797, 193.339921
254, 1946.000000, 1842.000000, 0, 173.346310, 72.564021, 194.472840
255, 1958.000000, 1860.000000, 0, 183.320500, 73.904544, 195.195181
256, 1969.000000, 1871.000000, -15, 201.621400, 75.690792, 195.557076
257, 1964.000000, 1864.000000, 0, 139.148010, 77.830567, 195.632306
258, 1968.000000, 1861.000000, 0, 139.827420, 80.229125, 195.492818
259, 1984.000000, 1881.000000, -15, 204.700200, 82.811027, 195.196117
260, 2036.000000, 1934.000000, -15, 213.223200, 85.499552, 194.800091
261, 2072.000000, 1941.000000, -14, 207.500370, 88.184327, 194.383585
262, 2052.000000, 1926.000000, 0, 187.760310, 90.738830, 194.035520
263, 2065.000000, 1941.000000, 0, 184.565670, 93.083644, 193.813495
264, 2045.000000, 1916.000000, 0, 186.946290, 95.206831, 193.730209
265, 2065.000000, 1939.000000, -14, 208.309630, 97.109275, 193.791446
266, 2097.000000, 1982.000000, -14, 205.025390, 98.764163, 194.020604
267, 2106.000000, 1996.000000, -14, 198.348880, 100.121974, 194.455441
268, 2126.000000, 1983.000000, -14, 214.818480, 101.140194, 195.129083
269, 2149.000000, 1975.000000, -14, 217.707280, 101.800776, 196.056071
270, 2213.000000, 2032.000000, -14, 217.481020, 102.092550, 197.244561
271, 2344.000000, 2147.000000, -13, 221.528690, 102.006736, 198.697679
272, 2240.000000, 2097.000000, -13, 234.877750, 101.546586, 200.406231
273, 2288.000000, 2147.000000, -13, 234.164800, 100.723604, 202.353825
274, 2256.000000, 2053.000000, -13, 260.895140, 99.547085, 204.523747
275, 2241.000000, 2024.000000, -14, 313.088000, 98.014574, 206.894978
276, 2183.000000, 1983.000000, -14, 323.207760, 96.073408, 209.456913
277, 2169.000000, 1993.000000, -14, 330.047600, 93.590524, 212.226556
278, 2232.000000, 2047.000000, -14, 366.014280, 90.398086, 215.220212
279, 2309.000000, 2119.000000, -13, 338.144650, 86.350177, 218.439606
280, 2348.000000, 2145.000000, 0, 172.133300, 81.375982, 221.878276
281, 2364.000000, 2161.000000, 0, 218.212890, 75.576099, 225.478218
282, 2393.000000, 2195.000000, 0, 181.021360, 69.241828, 229.105689
283, 2354.000000, 2144.000000, 0, 183.539920, 62.733674, 232.610163
284, 2363.000000, 2143.000000, 0, 234.493770, 56.400597, 235.858378
285, 2405.000000, 2183.000000, 0, 220.123290, 50.603251, 238.706994
286, 2370.000000, 2148.000000, 0, 215.340400, 45.682199, 241.028107
287, 2352.000000, 2119.000000, 0, 185.760990, 41.890049, 242.756529
288, 2359.000000, 2122.000000, 0, 200.613650, 39.402392, 243.872500
289, 2433.000000, 2167.000000, 0, 168.648440, 38.368725, 244.358752
290, 2503.000000, 2180.000000, 0, 146.616580, 38.914658, 244.199525
291, 2520.000000, 2184.000000, 0, 138.612150, 41.116970, 243.393052
292, 2521.000000, 2187.000000, 0, 154.975160, 44.960439, 241.973218
293, 2566.000000, 2189.000000, 0, 157.504400, 50.291967, 240.045661
294, 2641.000000, 2263.000000, 0, 136.633640, 56.880304, 237.745340
295, 2501.000000, 2312.000000, 0, 145.123750, 64.476897, 235.192341
296, 2567.000000, 2366.000000, 0, 148.895260, 72.776748, 232.526099
297, 2536.000000, 2350.000000, 0, 133.481200, 81.414837, 229.908586
298, 2493.000000, 2318.000000, 0, 148.931670, 90.016602, 227.492622
299, 2547.000000, 2353.000000, 0, 150.024660, 98.227707, 225.412010
300, 2663.000000, 2446.000000, 0, 149.884220, 105.734491, 223.772534
301, 2792.000000, 2561.000000, 0, 166.737610, 112.274979, 222.648442
302, 2892.000000, 2708.000000, 0, 161.270810, 117.648597, 222.079475
303, 2855.000000, 2652.000000, 0, 188.297180, 121.732885, 222.065630
304, 2857.000000, 2655.000000, 0, 174.890990, 124.517126, 222.555675
305, 2760.000000, 2596.000000, 0, 186.646670, 126.136497, 223.437189
306, 2650.000000, 2519.000000, 0, 203.339420, 126.861929, 224.554848
307, 2658.000000, 2507.000000, 0, 192.489500, 127.053159, 225.742360
308, 2737.000000, 2567.000000, 0, 173.435060, 127.112285, 226.829081
309, 2601.000000, 2470.000000, 0, 192.676760, 127.415553, 227.643528
310, 2540.000000, 2407.000000, 0, 201.938780, 128.203585, 228.065640
311, 2506.000000, 2356.000000, 0, 191.185490, 129.563191, 228.045207
312, 2456.000000, 2314.000000, 0, 222.220150, 131.512114, 227.565122
313, 2405.000000, 2257.000000, -12, 234.423580, 134.024486, 226.645769
314, 2274.000000, 2124.000000, -13, 229.127690, 136.995736, 225.375445
315, 2307.000000, 2152.000000, 0, 207.452210, 140.281845, 223.874002
316, 2287.000000, 2128.000000, 0, 215.696780, 143.775509, 222.231806
317, 2198.000000, 2037.000000, 0, 196.125610, 147.387449, 220.525045
318, 2235.000000, 2053.000000, 0, 188.152100, 151.003323, 218.847798
319, 2267.000000, 2076.000000, 0, 205.572700, 154.521268, 217.278644
320, 2273.000000, 2092.000000, -13, 216.108220, 157.861299, 215.876690
321, 2231.000000, 2047.000000, 0, 194.764100, 160.946617, 214.700933
322, 2242.000000, 2054.000000, 0, 184.211060, 163.726067, 213.789343
323, 2162.000000, 1983.000000, 0, 180.541140, 166.152094, 213.175397
324, 2129.000000, 1941.000000, 0, 181.182620, 168.156268, 212.910848
325, 2136.000000, 1941.000000, 0, 179.674870, 169.709457, 213.019035
326, 2132.000000, 1940.000000, 0, 181.946470, 170.838854, 213.481994
327, 2201.000000, 1987.000000, 0, 178.203860, 171.574449, 214.280906
328, 2224.000000, 1994.000000, 0, 179.693050, 171.949315, 215.390822
329, 2229.000000, 1999.000000, 14, 168.257200, 172.010965, 216.773810
330, 2168.000000, 1961.000000, 14, 169.654240, 171.808087, 218.389206
331, 2171.000000, 1959.000000, 0, 173.520020, 171.374736, 220.203421
332, 2176.000000, 1980.000000, 0, 176.188720, 170.734235, 222.187523
333, 2222.000000, 2031.000000, 0, 180.125850, 169.899245, 224.321622
334, 2277.000000, 2074.000000, 0, 172.647400, 168.865792, 226.603674
335, 2290.000000, 2080.000000, 13, 156.978030, 167.624841, 229.038266
336, 2345.000000, 2154.000000, 13, 155.194090, 166.162628, 231.629325
337, 2306.000000, 2125.000000, 13, 138.829350, 164.443093, 234.386179
338, 2257.000000, 2075.000000, 13, 137.008850, 162.402841, 237.325734
339, 2273.000000, 2086.000000, 0, 169.566710, 159.974516, 240.463110
340, 2232.000000, 2054.000000, 13, 155.205810, 157.118215, 243.803699
341, 2253.000000, 2074.000000, 0, 163.947940, 153.836421, 247.338955
342, 2264.000000, 2085.000000, 0, 160.530520, 150.159340, 251.051648
343, 2296.000000, 2115.000000, 13, 143.996920, 146.156477, 254.895193
344, 2312.000000, 2145.000000, 13, 137.930050, 141.941625, 258.784430
345, 2310.000000, 2140.000000, 0, 142.956270, 137.616504, 262.639780
346, 2382.000000, 2210.000000, 13, 126.390625, 133.237892, 266.409530
347, 2441.000000, 2265.000000, 0, 137.647610, 128.829035, 270.061397
348, 2429.000000, 2250.000000, 0, 153.393190, 124.390779, 273.582141
349, 2467.000000, 2295.000000, 0, 168.915650, 119.926621, 276.968756
350, 2500.000000, 2344.000000, 0, 186.403380, 115.474002, 280.216627
351, 2562.000000, 2412.000000, 0, 206.250120, 111.124857, 283.309586
352, 2519.000000, 2385.000000, 0, 219.605900, 107.032380, 286.208701
353, 2504.000000, 2371.000000, 0, 211.684750, 103.403806, 288.845334
354, 2572.000000, 2401.000000, 0, 193.022400, 100.466196, 291.135653
355, 2557.000000, 2402.000000, 0, 190.323550, 98.408033, 293.016328
356, 2580.000000, 2422.000000, 0, 205.707890, 97.345992, 294.462409
357, 2648.000000, 2491.000000, 0, 191.870670, 97.329770, 295.481409
358, 2699.000000, 2550.000000, 0, 188.070500, 98.355846, 296.101411
359, 2648.000000, 2511.000000, 0, 181.667660, 100.360309, 296.373129
360, 2655.000000, 2513.000000, 0, 180.595520, 103.222165, 296.364450
361, 2566.000000, 2439.000000, 0, 192.991940, 106.778892, 296.153799
362, 2449.000000, 2315.000000, 0, 173.614380, 110.836748, 295.829473
363, 2452.000000, 2306.000000, 0, 168.796080, 115.173040, 295.487135
364, 2524.000000, 2353.000000, 0, 161.715880, 119.535837, 295.228567
365, 2530.000000, 2343.000000, 0, 169.711910, 123.670574, 295.147299
366, 2538.000000, 2331.000000, 0, 166.943180, 127.358758, 295.312765
367, 2559.000000, 2339.000000, 0, 181.251400, 130.438625, 295.770376
368, 2623.000000, 2405.000000, 0, 243.794620, 132.824779, 296.538836
369, 2655.000000, 2462.000000, 0, 245.211850, 134.540551, 297.586073
370, 2630.000000, 2444.000000, 0, 231.583010, 135.701602, 298.831620
371, 2665.000000, 2466.000000, 0, 213.128850, 136.463963, 300.173064
372, 2686.000000, 2500.000000, 0, 231.471560, 136.979319, 301.523242
373, 2669.000000, 2495.000000, 0, 232.381590, 137.399683, 302.816122
374, 2635.000000, 2461.000000, 0, 259.142150, 137.912138, 303.976311
375, 2683.000000, 2505.000000, 0, 274.925350, 138.734433, 304.919476
376, 2756.000000, 2570.000000, -11, 315.743770, 140.102969, 305.561449
377, 2763.000000, 2591.000000, -11, 355.752500, 142.230107, 305.834264
378, 2754.000000, 2586.000000, -11, 348.602420, 145.203576, 305.723368
379, 2738.000000, 2572.000000, -11, 324.154660, 148.937683, 305.276130
380, 2748.000000, 2574.000000, 0, 225.443790, 153.236737, 304.574767
381, 2719.000000, 2551.000000, 0, 250.024230, 157.885218, 303.718934
382, 2808.000000, 2629.000000, 0, 219.737240, 162.685852, 302.818626
383, 2819.000000, 2571.000000, 0, 223.653990, 167.437692, 301.993368
384, 2793.000000, 2542.000000, 0, 266.493160, 171.926244, 301.365809
385, 2772.000000, 2539.000000, 0, 268.563100, 175.979222, 301.028387
386, 2786.000000, 2572.000000, 0, 246.107300, 179.510883, 301.019722
387, 2825.000000, 2585.000000, 0, 272.496900, 182.499010, 301.342452
388, 2831.000000, 2596.000000, 0, 262.591920, 184.977107, 301.968433
389, 2813.000000, 2563.000000, 0, 272.585400, 187.041106, 302.834827
390, 2811.000000, 2541.000000, 0, 272.315550, 188.810033, 303.870947
391, 2797.000000, 2476.000000, 0, 266.794560, 190.409247, 305.001982
392, 2816.000000, 2453.000000, 0, 270.805420, 191.991489, 306.131036
393, 2784.000000, 2422.000000, 0, 283.345700, 193.739412, 307.144536
394, 2726.000000, 2388.000000, 0, 296.314200, 195.845684, 307.931372
395, 2662.000000, 2426.000000, 0, 290.485230, 198.475172, 308.410640
396, 2685.000000, 2438.000000, 0, 305.235230, 201.752534, 308.530253
397, 2659.000000, 2430.000000, 0, 291.686040, 205.744197, 308.259836
398, 2590.000000, 2371.000000, 0, 280.990780, 210.386853, 307.632545
399, 2584.000000, 2338.000000, 0, 294.420400, 215.502342, 306.739034
400, 2585.000000, 2324.000000, -12, 319.182620, 220.889765, 305.679222
401, 2557.000000, 2307.000000, -12, 348.982480, 226.355053, 304.545222
402, 2548.000000, 2272.000000, -12, 321.765870, 231.661300, 303.442229
403, 2548.000000, 2260.000000, -12, 331.030400, 236.503972, 302.507788
404, 2536.000000, 2235.000000, 0, 283.989500, 240.577124, 301.885401
405, 2544.000000, 2263.000000, 0, 297.844300, 243.647803, 301.690296
406, 2536.000000, 2259.000000, -12, 313.927060, 245.604810, 301.982344
407, 2569.000000, 2292.000000, -12, 306.238770, 246.495397, 302.749055
408, 2590.000000, 2298.000000, -12, 307.014900, 246.499439, 303.929710
409, 2618.000000, 2323.000000, -12, 307.836550, 245.839909, 305.453578
410, 2575.000000, 2282.000000, 0, 305.320920, 244.706329, 307.250281
411, 2573.000000, 2272.000000, 0, 306.677430, 243.227726, 309.257248
412, 2608.000000, 2306.000000, -12, 316.076420, 241.506848, 311.416900
413, 2551.000000, 2264.000000, -12, 322.200000, 239.664676, 313.660529
414, 2543.000000, 2247.000000, -12, 328.826000, 237.817108, 315.919730
415, 2630.000000, 2309.000000, -12, 383.955260, 236.010477, 318.154931
416, 2694.000000, 2335.000000, -11, 415.266540, 234.191897, 320.349279
417, 2691.000000, 2348.000000, -11, 407.068600, 232.199046, 322.497342
418, 2716.000000, 2378.000000, -11, 380.978400, 229.785680, 324.602891
419, 2727.000000, 2427.000000, -11, 386.057920, 226.713558, 326.657894
420, 2716.000000, 2421.000000, -11, 347.988220, 222.805267, 328.653167
421, 2780.000000, 2472.000000, -11, 364.513120, 217.939782, 330.605848
422, 2786.000000, 2472.000000, -11, 352.843500, 212.060679, 332.551196
423, 2782.000000, 2465.000000, -11, 350.021730, 205.188216, 334.525397
424, 2780.000000, 2469.000000, -11, 374.921140, 197.431032, 336.542684
425, 2864.000000, 2547.000000, -11, 377.009340, 188.956332, 338.597893
426, 2865.000000, 2546.000000, -11, 355.197020, 179.940219, 340.683718
427, 2856.000000, 2528.000000, -11, 369.274350, 170.561815, 342.782784
428, 2883.000000, 2545.000000, -11, 370.805480, 160.990581, 344.876555
429, 2930.000000, 2582.000000, -10, 382.272700, 151.365294, 346.956226
430, 3012.000000, 2607.000000, -10, 403.042050, 141.813634, 348.997597
431, 3083.000000, 2629.000000, -10, 429.622740, 132.481842, 350.934438
432, 3091.000000, 2646.000000, -10, 417.737850, 123.522827, 352.667317
433, 3129.000000, 2726.000000, -10, 419.133970, 115.061405, 354.105248
434, 3207.000000, 2799.000000, 0, 266.449770, 107.210313, 355.204659
435, 3245.000000, 2864.000000, 0, 325.091130, 100.164623, 355.944298
436, 3326.000000, 2943.000000, 0, 296.676200, 94.204719, 356.308079
437, 3390.000000, 3021.000000, -9, 378.183300, 89.576840, 356.303222
438, 3402.000000, 3043.000000, 0, 333.883360, 86.421043, 355.951465
439, 3423.000000, 3041.000000, -9, 377.189940, 84.750975, 355.294915
440, 3324.000000, 2930.000000, -9, 374.932200, 84.457890, 354.394509
441, 3176.000000, 2789.000000, -10, 368.031000, 85.317561, 353.319026
442, 3185.000000, 2785.000000, 0, 339.602300, 87.013868, 352.140646
443, 3189.000000, 2783.000000, 0, 345.146550, 89.207114, 350.919473
444, 3153.000000, 2736.000000, 0, 336.399900, 91.597531, 349.702974
445, 3265.000000, 2826.000000, 0, 317.807300, 93.972161, 348.538876
446, 3394.000000, 2914.000000, 0, 341.516600, 96.250370, 347.469331
447, 3416.000000, 2948.000000, 0, 343.203800, 98.466062, 346.524294
448, 3499.000000, 3044.000000, -9, 357.630680, 100.666067, 345.731480
449, 3566.000000, 3281.000000, -8, 372.882630, 102.824441, 345.114115
450, 3544.000000, 3226.000000, -8, 374.284500, 104.828814, 344.675909
451, 3358.000000, 3040.000000, -9, 372.204220, 106.497716, 344.398410
452, 3481.000000, 3087.000000, -9, 362.085820, 107.601125, 344.247654
453, 3473.000000, 3131.000000, -9, 379.708370, 107.892006, 344.182471
454, 3532.000000, 3147.000000, -8, 361.636170, 107.158091, 344.157848
455, 3632.000000, 3218.000000, -8, 384.909850, 105.268665, 344.122455
456, 3750.000000, 3337.000000, -8, 375.504270, 102.176051, 344.023416
457, 3730.000000, 3363.000000, -8, 399.053770, 97.890225, 343.812234
458, 3695.000000, 3325.000000, -8, 381.262500, 92.469158, 343.443207
459, 3797.000000, 3436.000000, -8, 423.957100, 86.026426, 342.875365
460, 3798.000000, 3466.000000, -8, 402.498400, 78.741852, 342.081114
461, 3747.000000, 3412.000000, -8, 400.885800, 70.865548, 341.050517
462, 3733.000000, 3368.000000, -8, 347.016850, 62.694900, 339.781837
463, 3733.000000, 3363.000000, -8, 353.583250, 54.496611, 338.273781
464, 3633.000000, 3252.000000, -8, 367.728450, 46.390111, 336.560200
465, 3555.000000, 3157.000000, -8, 368.037400, 38.356788, 334.708430
466, 3578.000000, 3158.000000, -8, 368.176270, 30.368290, 332.774047
467, 3505.000000, 3110.000000, -9, 352.898000, 22.448079, 330.800319
468, 3406.000000, 3012.000000, -9, 356.277340, 14.676465, 328.820929
469, 3307.000000, 2927.000000, 0, 319.386350, 7.188003, 326.864094
470, 3328.000000, 2931.000000, -9, 335.743900, 0.180507, 324.956208
471, 3424.000000, 3015.000000, 0, 275.291020, -6.089625, 323.119695
472, 3370.000000, 2951.000000, 0, 277.420960, -11.348933, 321.376087
473, 3329.000000, 2911.000000, 0, 286.774540, -15.344248, 319.734048
474, 3353.000000, 2914.000000, 0, 277.741030, -17.885373, 318.184498
475, 3329.000000, 2892.000000, 0, 283.160160, -18.897299, 316.715426
476, 3377.000000, 2953.000000, 0, 289.487800, -18.429305, 315.319142
477, 3325.000000, 2943.000000, 0, 261.847780, -16.605845, 313.985072
478, 3329.000000, 2960.000000, 0, 277.187930, -13.571278, 312.693782
479, 3486.000000, 3095.000000, 0, 294.875920, -9.476087, 311.421023
480, 3564.000000, 3173.000000, 0, 273.385500, -4.498070, 310.149740
481, 3604.000000, 3212.000000, 0, 293.445250, 1.148648, 308.871089
482, 3577.000000, 3207.000000, 0, 279.744400, 7.223973, 307.576473
483, 3689.000000, 3318.000000, 0, 287.984620, 13.468657, 306.255431
484, 3664.000000, 3326.000000, 0, 283.205260, 19.610284, 304.896773
485, 3638.000000, 3287.000000, 0, 285.059630, 25.377784, 303.491362
486, 3552.000000, 3262.000000, 0, 279.629150, 30.526607, 302.033568
487, 3526.000000, 3251.000000, 0, 272.433170, 34.864815, 300.521717
488, 3461.000000, 3174.000000, 0, 246.102780, 38.274606, 298.957922
489, 3555.000000, 3263.000000, 0, 217.085510, 40.737169, 297.338483
490, 3575.000000, 3287.000000, 0, 172.012390, 42.348637, 295.637952
491, 3643.000000, 3339.000000, 0, 155.419130, 43.305547, 293.795848
492, 3447.000000, 3174.000000, 0, 123.004820, 43.839876, 291.733486
493, 3382.000000, 3097.000000, 0, 116.971130, 44.137979, 289.399839
494, 3437.000000, 3129.000000, 0, 98.955690, 44.330439, 286.784050
495, 3496.000000, 3198.000000, 0, 67.119900, 44.529937, 283.897153
496, 3535.000000, 3239.000000, 8, 35.006714, 44.829012, 280.770698
497, 3576.000000, 3292.000000, 8, 13.213715, 45.263368, 277.462715
498, 3685.000000, 3399.000000, 8, -13.834320, 45.791579, 274.050945
499, 3708.000000, 3419.000000, 8, -21.121277, 46.301268, 270.621094
500, 3698.000000, 3412.000000, 8, -21.677216, 46.624629, 267.257184
501, 3701.000000, 3421.000000, 8, -26.560211, 46.546264, 264.040931
502, 3718.000000, 3451.000000, 8, -5.080719, 45.815217, 261.058346
503, 3752.000000, 3517.000000, 8, -7.563904, 44.193305, 258.388667
504, 3796.000000, 3589.000000, 8, -38.674744, 41.504248, 256.087921
505, 3706.000000, 3546.000000, 8, -49.301360, 37.631946, 254.193859
506, 3653.000000, 3512.000000, 8, -51.123320, 32.503087, 252.729876
507, 3549.000000, 3449.000000, 8, -37.095367, 26.091246, 251.704539
508, 3683.000000, 3573.000000, 0, 106.317690, 18.453815, 251.108838
509, 3661.000000, 3564.000000, 0, 168.788450, 9.794723, 250.889551
510, 3588.000000, 3516.000000, 0, 217.879210, 0.456823, 250.948017
511, 3588.000000, 3558.000000, 0, 244.235100, -9.171618, 251.179698
512, 3514.000000, 3499.000000, 0, 198.389950, -18.715381, 251.486437
513, 3494.000000, 3511.000000, 0, 182.540040, -27.807596, 251.763956
514, 3469.000000, 3477.000000, 0, 55.357330, -36.076160, 251.895559
515, 3446.000000, 3459.000000, 0, 76.021180, -43.161563, 251.763108
516, 3375.000000, 3390.000000, 0, 77.792660, -48.754953, 251.263484
517, 3423.000000, 3404.000000, 0, 65.788420, -52.629628, 250.312716
518, 3467.000000, 3461.000000, 0, 18.501495, -54.689055, 248.862776
519, 3539.000000, 3585.000000, 0, -16.871399, -55.018880, 246.930741
520, 3577.000000, 3629.000000, 0, 4.753754, -53.886126, 244.610122
521, 3567.000000, 3621.000000, 0, 46.149963, -51.646982, 242.030650
522, 3560.000000, 3588.000000, 0, 31.964325, -48.621670, 239.286433
523, 3565.000000, 3376.000000, 0, 2.183929, -45.072313, 236.427314
524, 3487.000000, 3272.000000, 0, 3.801208, -41.260232, 233.502692
525, 3395.000000, 3169.000000, 0, 26.759094, -37.446260, 230.566972
526, 3375.000000, 3151.000000, 0, 44.779907, -33.834150, 227.654611
527, 3355.000000, 3151.000000, 0, 40.796967, -30.537558, 224.772109
528, 3243.000000, 3061.000000, 0, 47.780487, -27.592397, 221.909265
529, 3110.000000, 3072.000000, 0, 32.045227, -24.982500, 219.046874
530, 3176.000000, 3124.000000, 0, 45.871094, -22.670829, 216.165932
531, 3202.000000, 3154.000000, 0, 29.425690, -20.632798, 213.262968
532, 3193.000000, 3166.000000, 0, 48.842470, -18.859534, 210.348278
533, 3215.000000, 3238.000000, 0, 55.031982, -17.331287, 207.431136
534, 3162.000000, 3196.000000, 0, 49.170960, -15.987763, 204.508589
535, 3083.000000, 3058.000000, 0, 47.002533, -14.723887, 201.566973
536, 3078.000000, 3021.000000, 0, 26.452057, -13.418792, 198.589728
537, 3041.000000, 2998.000000, 0, 6.166382, -11.996885, 195.574840
538, 2954.000000, 2931.000000, 10, -14.357178, -10.498261, 192.569283
539, 2955.000000, 2925.000000, 10, -28.568542, -9.072831, 189.668094
540, 2995.000000, 2951.000000, 10, -45.846832, -7.901130, 186.971902
541, 2984.000000, 2932.000000, 10, -77.459320, -7.156059, 184.572742
542, 2917.000000, 2868.000000, 10, -110.038650, -7.020706, 182.566470
543, 2897.000000, 2839.000000, 10, -103.587970, -7.700620, 181.056820
544, 2875.000000, 2842.000000, 10, -94.861270, -9.397253, 180.139773
545, 2950.000000, 2920.000000, 10, -80.415985, -12.266794, 179.883848
546, 2923.000000, 2894.000000, 10, -81.672880, -16.398975, 180.326807
547, 2974.000000, 2930.000000, 10, -80.091156, -21.796068, 181.469024
548, 3025.000000, 2981.000000, 9, -82.118866, -28.351321, 183.259988
549, 3029.000000, 2985.000000, 9, -96.444030, -35.866068, 185.602151
550, 3107.000000, 3066.000000, 9, -117.735520, -44.115778, 188.381371
551, 3152.000000, 3133.000000, 9, -126.632920, -52.913020, 191.500519
552, 3109.000000, 3123.000000, 9, -110.883240, -62.100575, 194.875938
553, 2984.000000, 3007.000000, 10, -93.705990, -71.498109, 198.408101
554, 2889.000000, 2931.000000, 10, -94.201690, -80.886239, 201.977693
555, 2925.000000, 2987.000000, 0, -81.382080, -90.038014, 205.468153
556, 2898.000000, 3001.000000, 0, -72.045780, -98.746846, 208.781381
557, 2919.000000, 3056.000000, 0, -52.118073, -106.826481, 211.835034
558, 2915.000000, 3030.000000, 0, -32.373930, -114.102898, 214.558278
559, 2887.000000, 3000.000000, 0, -21.016785, -120.402645, 216.883053
560, 2900.000000, 2981.000000, 0, -17.620758, -125.545772, 218.732499
561, 2902.000000, 2983.000000, 0, -8.864899, -129.374106, 220.036034
562, 2997.000000, 3066.000000, 0, 29.850372, -131.782403, 220.749213
563, 3034.000000, 3120.000000, 0, 61.834625, -132.703333, 220.838703
564, 3069.000000, 3186.000000, 0, 72.351166, -132.067222, 220.245460
565, 3172.000000, 3325.000000, 0, 51.602875, -129.820457, 218.899923
566, 3163.000000, 3320.000000, 0, 58.188507, -125.971994, 216.765529
567, 3135.000000, 3258.000000, 0, 70.245026, -120.587003, 213.839410
568, 3156.000000, 3254.000000, 0, 78.884155, -113.746311, 210.122839
569, 3101.000000, 3212.000000, 0, 111.813720, -105.536355, 205.616158
570, 3101.000000, 3181.000000, 0, 135.015410, -96.083048, 200.352762
571, 3020.000000, 3094.000000, 0, 147.249000, -85.585162, 194.432287
572, 3020.000000, 3057.000000, 0, 154.212890, -74.312961, 188.019312
573, 2970.000000, 2989.000000, 0, 139.101840, -62.582855, 181.318226
574, 2935.000000, 2941.000000, 0, 128.770140, -50.736025, 174.552783
575, 2950.000000, 2965.000000, 0, 130.684540, -39.114987, 167.945440
576, 2965.000000, 2972.000000, 0, 101.724850, -28.040640, 161.701166
577, 3035.000000, 2992.000000, 0, 65.388610, -17.770381, 155.975668
578, 3104.000000, 3030.000000, 0, 38.783510, -8.493315, 150.878670
579, 3067.000000, 2995.000000, 0, 32.060577, -0.363955, 146.510791
580, 3036.000000, 2998.000000, 0, 26.701050, 6.494788, 142.965899
581, 3142.000000, 3080.000000, 9, 8.396118, 11.994831, 140.323413
582, 3188.000000, 3113.000000, 9, 15.279022, 16.080862, 138.644637
583, 3216.000000, 3137.000000, 9, 10.911713, 18.741250, 137.960358
584, 3229.000000, 3119.000000, 9, 1.391205, 20.023000, 138.257005
585, 3195.000000, 3060.000000, 9, 6.435089, 20.025725, 139.479886
586, 3232.000000, 3087.000000, 9, 10.497650, 18.887677, 141.540821
587, 3213.000000, 3062.000000, 0, 17.832000, 16.779733, 144.320948
588, 3257.000000, 3115.000000, 0, 48.973114, 13.906300, 147.673481
589, 3306.000000, 3173.000000, 0, 48.777710, 10.519607, 151.415586
590, 3384.000000, 3258.000000, 0, 58.252440, 6.917465, 155.330414
591, 3387.000000, 3291.000000, 0, 94.898410, 3.410709, 159.190918
592, 3369.000000, 3306.000000, 0, 106.259430, 0.298262, 162.773862
593, 3420.000000, 3373.000000, 0, 86.169556, -2.180821, 165.900307
594, 3423.000000, 3393.000000, 0, 83.102540, -3.873066, 168.460573
595, 3438.000000, 3422.000000, 0, 83.749970, -4.683871, 170.391927
596, 3385.000000, 3392.000000, 0, 82.389620, -4.559088, 171.661838
597, 3406.000000, 3387.000000, 0, 109.842990, -3.499085, 172.279885
598, 3455.000000, 3439.000000, 0, 108.466250, -1.552651, 172.293118
599, 3528.000000, 3522.000000, 0, 76.638275, 1.220010, 171.753052
600, 3595.000000, 3582.000000, 0, 78.481140, 4.754778, 170.707604
601, 3626.000000, 3607.000000, 0, 65.155670, 8.965861, 169.217226
602, 3608.000000, 3578.000000, 0, 98.018920, 13.750572, 167.354768
603, 3678.000000, 3614.000000, 0, 113.509250, 19.023743, 165.175659
604, 3676.000000, 3615.000000, 0, 121.490510, 24.709295, 162.722097
605, 3711.000000, 3646.000000, 0, 96.419250, 30.701622, 160.054504
606, 3677.000000, 3582.000000, 0, 75.639160, 36.821418, 157.293767
607, 3615.000000, 3506.000000, 0, 79.651215, 42.819761, 154.621163
608, 3590.000000, 3507.000000, 0, 66.922580, 48.449039, 152.216400
609, 3613.000000, 3540.000000, 0, 77.930084, 53.506367, 150.224823
610, 3668.000000, 3591.000000, 0, 118.312290, 57.851379, 148.750158
611, 3630.000000, 3553.000000, 0, 135.019780, 61.445747, 147.821816
612, 3663.000000, 3565.000000, 0, 136.806550, 64.337342, 147.404828
613, 3760.000000, 3663.000000, 0, 125.118620, 66.606143, 147.442314
614, 3783.000000, 3716.000000, 0, 101.148346, 68.372220, 147.845720
615, 3790.000000, 3719.000000, 0, 86.706760, 69.786698, 148.504110
616, 3808.000000, 3746.000000, 0, 101.919525, 70.981702, 149.324411
617, 3857.000000, 3751.000000, 0, 131.545380, 72.056979, 150.235145
618, 4023.000000, 3907.000000, 0, 144.070370, 73.103184, 151.164365
619, 4037.000000, 3917.000000, -7, 176.554630, 74.199076, 152.046224
620, 4024.000000, 3928.000000, -7, 192.591000, 75.379391, 152.848421
621, 4048.000000, 3969.000000, -7, 155.208620, 76.599959, 153.601991
622, 3993.000000, 3907.000000, 0, 151.576500, 77.764326, 154.384309
623, 3905.000000, 3835.000000, -7, 200.273010, 78.798387, 155.256536
624, 3822.000000, 3746.000000, -7, 235.001280, 79.645290, 156.258064
625, 3842.000000, 3730.000000, -7, 246.545780, 80.205861, 157.443591
626, 3930.000000, 3795.000000, -7, 258.279420, 80.330091, 158.887204
627, 3960.000000, 3823.000000, -7, 243.621400, 79.839712, 160.674453
628, 4036.000000, 3913.000000, -7, 231.261110, 78.555084, 162.895291
629, 4041.000000, 3935.000000, -7, 219.908750, 76.353895, 165.607875
630, 3883.000000, 3795.000000, -7, 209.741760, 73.218410, 168.808090
631, 3925.000000, 3827.000000, -7, 224.400090, 69.212758, 172.446425
632, 4058.000000, 3926.000000, -7, 259.112060, 64.405977, 176.481445
633, 4025.000000, 3881.000000, -7, 250.036070, 58.835970, 180.899599
634, 4064.000000, 3900.000000, -7, 246.429080, 52.537885, 185.688687
635, 4039.000000, 3856.000000, -7, 219.986630, 45.588459, 190.805531
636, 4011.000000, 3851.000000, -7, 241.002870, 38.138922, 196.153388
637, 4149.000000, 3993.000000, -7, 214.934510, 30.401306, 201.597024
638, 4307.000000, 4098.000000, -7, 210.709600, 22.621400, 206.985709
639, 4326.000000, 4088.000000, -7, 223.919920, 15.064974, 212.159170
640, 4295.000000, 4055.000000, -7, 242.815430, 7.960408, 216.988936
641, 4227.000000, 3982.000000, -7, 262.247070, 1.463150, 221.396475
642, 4210.000000, 3961.000000, -7, 278.993470, -4.333768, 225.331656
643, 4138.000000, 3901.000000, -7, 281.500240, -9.414985, 228.781773
644, 4140.000000, 3923.000000, -7, 281.749500, -13.830482, 231.762698
645, 4157.000000, 3948.000000, -7, 277.149840, -17.648621, 234.286505
646, 4104.000000, 3880.000000, -7, 305.653870, -20.950982, 236.364966
647, 4073.000000, 3820.000000, -7, 313.202940, -23.877825, 238.049513
648, 4033.000000, 3787.000000, -7, 349.801270, -26.627628, 239.428511
649, 4033.000000, 3789.000000, -7, 316.809940, -29.400757, 240.585381
650, 3971.000000, 3746.000000, -7, 318.284060, -32.365876, 241.582874
651, 3974.000000, 3723.000000, -7, 320.449520, -35.668710, 242.476546
652, 3827.000000, 3598.000000, -8, 293.686900, -39.452465, 243.336754
653, 3800.000000, 3583.000000, -8, 336.045530, -43.818294, 244.225430
654, 3839.000000, 3616.000000, -8, 326.021360, -48.770237, 245.160591
655, 3888.000000, 3644.000000, -7, 329.079960, -54.226917, 246.128632
656, 3899.000000, 3641.000000, -7, 302.835630, -60.058503, 247.108610
657, 3883.000000, 3603.000000, -8, 257.881650, -66.098992, 248.075332
658, 4030.000000, 3733.000000, -7, 249.161200, -72.153114, 248.998097
659, 3900.000000, 3601.000000, -7, 278.729920, -78.016923, 249.848372
660, 3851.000000, 3567.000000, 0, 194.854740, -83.488504, 250.607248
661, 3895.000000, 3579.000000, 0, 172.458980, -88.329348, 251.243750
662, 4043.000000, 3718.000000, 0, 180.072750, -92.215708, 251.675764
663, 4171.000000, 3813.000000, 0, 180.981320, -94.792973, 251.793455
664, 4099.000000, 3773.000000, 0, 190.142760, -95.784734, 251.516315
665, 4058.000000, 3733.000000, 0, 171.272770, -95.027078, 250.802225
666, 3949.000000, 3620.000000, 0, 161.989140, -92.440591, 249.626118
667, 3986.000000, 3679.000000, 0, 186.619450, -88.022380, 247.973594
668, 4032.000000, 3694.000000, 0, 238.826480, -81.894079, 245.868658
669, 4067.000000, 3730.000000, 0, 240.070680, -74.336572, 243.391530
670, 4077.000000, 3739.000000, -7, 294.146180, -65.758727, 240.658573
671, 3975.000000, 3665.000000, -7, 323.733760, -56.639180, 237.800087
672, 3889.000000, 3619.000000, -7, 320.306030, -47.467534, 234.952666
673, 3846.000000, 3591.000000, 0, 98.845550, -38.659333, 232.232445
674, 3880.000000, 3597.000000, 0, 138.707670, -30.475862, 229.691796
675, 3847.000000, 3649.000000, 0, 113.374330, -23.042952, 227.326729
676, 3815.000000, 3658.000000, 0, 74.706510, -16.436745, 225.124609
677, 3850.000000, 3679.000000, 0, 75.216250, -10.737517, 223.095464
678, 3916.000000, 3725.000000, 0, 49.899170, -6.031779, 221.274895
679, 3945.000000, 3757.000000, 0, 29.250640, -2.385217, 219.705559
680, 3906.000000, 3735.000000, 0, 30.578735, 0.179766, 218.420279
681, 3958.000000, 3786.000000, 0, 9.798859, 1.687102, 217.436463
682, 3977.000000, 3770.000000, 7, -23.405610, 2.192995, 216.762067
683, 4038.000000, 3781.000000, 7, -17.070374, 1.778402, 216.399721
684, 4068.000000, 3801.000000, 7, -10.127014, 0.560847, 216.338920
685, 4043.000000, 3739.000000, 7, -6.285522, -1.299086, 216.549234
686, 4033.000000, 3695.000000, 7, -6.915070, -3.615043, 216.984513
687, 3983.000000, 3657.000000, 0, 12.904266, -6.201743, 217.591994
688, 3770.000000, 3665.000000, 0, 10.437592, -8.889278, 218.314079
689, 3840.000000, 3732.000000, 0, 12.272797, -11.535831, 219.088535
690, 3879.000000, 3794.000000, 0, 20.696228, -14.062358, 219.867887
691, 3873.000000, 3829.000000, 0, 44.667236, -16.475313, 220.646337
692, 3820.000000, 3796.000000, 0, 95.116850, -18.793536, 221.425115
693, 3878.000000, 3845.000000, 0, 79.800200, -20.936496, 222.136982
694, 3893.000000, 3858.000000, 0, 69.315550, -22.768410, 222.679261
695, 3937.000000, 3899.000000, 0, 45.340880, -24.218101, 222.994042
696, 4005.000000, 3997.000000, 0, 51.736664, -25.292921, 223.068967
697, 3976.000000, 3977.000000, 0, 30.042297, -26.017442, 222.902392
698, 4045.000000, 4039.000000, 0, 47.761110, -26.375453, 222.479721
699, 4068.000000, 4051.000000, 0, 61.299133, -26.294802, 221.774733
700, 3972.000000, 3956.000000, 0, 69.121640, -25.656682, 220.754446
701, 3892.000000, 3877.000000, 0, 71.700620, -24.319979, 219.376170
702, 3875.000000, 3851.000000, 0, 63.611330, -22.189545, 217.605336
703, 3930.000000, 3917.000000, 0, 47.605194, -19.315427, 215.471372
704, 3937.000000, 3925.000000, 0, 48.963623, -15.902316, 213.083536
705, 3877.000000, 3848.000000, 0, 52.946198, -12.206436, 210.576677
706, 3874.000000, 3819.000000, 0, 42.466858, -8.442473, 208.059313
707, 3908.000000, 3806.000000, 0, 44.161224, -4.770211, 205.608090
708, 3928.000000, 3856.000000, 0, 49.317110, -1.326643, 203.288948
709, 3877.000000, 3823.000000, 0, 42.342070, 1.759748, 201.163092
710, 3841.000000, 3801.000000, 0, 36.564940, 4.374912, 199.284252
711, 3884.000000, 3843.000000, 0, 36.682037, 6.435326, 197.693546
712, 3935.000000, 3908.000000, 0, 35.958740, 7.904388, 196.411097
713, 3900.000000, 3860.000000, 0, 32.346466, 8.788050, 195.437205
714, 3855.000000, 3807.000000, 0, 30.559296, 9.112936, 194.762468
715, 3874.000000, 3809.000000, 0, 12.856049, 8.908545, 194.373873
716, 3845.000000, 3765.000000, 7, -14.184998, 8.198089, 194.256464
717, 3861.000000, 3794.000000, 7, -24.016510, 6.991920, 194.398432
718, 3893.000000, 3842.000000, 7, -7.821198, 5.297089, 194.789026
719, 3899.000000, 3845.000000, 7, -5.607575, 3.139780, 195.407193
720, 3868.000000, 3811.000000, 0, 5.428650, 0.566239, 196.221206
721, 3832.000000, 3791.000000, 0, 11.556427, -2.386519, 197.205588
722, 3810.000000, 3772.000000, 0, 8.056091, -5.729722, 198.373482
723, 3869.000000, 3824.000000, 0, 10.041473, -9.479764, 199.746970
724, 3871.000000, 3833.000000, 0, 11.577820, -13.584596, 201.303207
725, 3885.000000, 3850.000000, 0, 21.910340, -17.925470, 202.983201
726, 3844.000000, 3807.000000, 0, 52.739777, -22.329067, 204.701964
727, 3825.000000, 3784.000000, 0, 70.614470, -26.563288, 206.340757
728, 3847.000000, 3814.000000, 0, 63.563812, -30.357680, 207.754316
729, 3840.000000, 3816.000000, 0, 67.949740, -33.465604, 208.809177
730, 3852.000000, 3843.000000, 0, 86.663850, -35.704863, 209.408037
731, 3859.000000, 3883.000000, 0, 85.009060, -36.940829, 209.474286
732, 3908.000000, 3939.000000, 0, 68.068820, -37.073065, 208.945570
733, 3897.000000, 3905.000000, 0, 72.401215, -36.050107, 207.788918
734, 3917.000000, 3924.000000, 0, 53.722748, -33.882253, 206.010115
735, 3962.000000, 3958.000000, 0, 67.901730, -30.644244, 203.656088
736, 3963.000000, 3948.000000, 0, 45.588500, -26.460108, 200.801901
737, 3960.000000, 3945.000000, 0, 42.812805, -21.498238, 197.545956
738, 3938.000000, 3923.000000, 0, 53.729095, -15.977505, 194.018015
739, 3932.000000, 3918.000000, 0, 65.702060, -10.135839, 190.357352
740, 3970.000000, 3941.000000, 0, 61.033875, -4.194532, 186.687288
741, 4012.000000, 3949.000000, 0, 73.509000, 1.642478, 183.117272
742, 4019.000000, 3946.000000, 0, 84.959900, 7.194716, 179.738039
743, 4018.000000, 3960.000000, 0, 84.276000, 12.328531, 176.604124
744, 4007.000000, 3944.000000, 0, 62.003143, 16.957039, 173.740745
745, 4020.000000, 3931.000000, 0, 72.835300, 21.025430, 171.164735
746, 3995.000000, 3911.000000, 0, 95.084045, 24.528323, 168.874328
747, 3964.000000, 3906.000000, 0, 105.363950, 27.545355, 166.814211
748, 3985.000000, 3918.000000, 0, 122.453640, 30.214428, 164.889957
749, 3984.000000, 3934.000000, 0, 117.888180, 32.670465, 163.013684
750, 3945.000000, 3881.000000, 0, 110.582610, 35.025640, 161.116743
751, 3928.000000, 3898.000000, 0, 135.711880, 37.378655, 159.140123
752, 4040.000000, 4000.000000, 0, 150.268100, 39.799696, 157.048038
753, 4069.000000, 4014.000000, -7, 178.861510, 42.301516, 154.852484
754, 4086.000000, 4019.000000, 0, 146.625000, 44.849571, 152.602203
755, 4096.000000, 4036.000000, 0, 123.781710, 47.393951, 150.354930
756, 4091.000000, 4009.000000, 0, 132.958770, 49.890019, 148.156918
757, 4071.000000, 3980.000000, -7, 165.472230, 52.264523, 146.071296
758, 4041.000000, 3954.000000, -7, 161.531980, 54.395317, 144.198950
759, 4000.000000, 3939.000000, -7, 170.918210, 56.142026, 142.653290
760, 3934.000000, 3853.000000, -7, 339.808230, 57.335606, 141.562527
761, 3838.000000, 3738.000000, -7, 309.477000, 57.747460, 141.078951
762, 3822.000000, 3719.000000, -7, 322.272700, 57.106611, 141.353288
763, 3824.000000, 3712.000000, -7, 347.036870, 55.156297, 142.501504
764, 3822.000000, 3707.000000, -7, 327.154240, 51.727119, 144.582452
765, 3858.000000, 3748.000000, 0, 99.998350, 46.830081, 147.558143
766, 3872.000000, 3737.000000, 0, 125.374360, 40.720120, 151.244545
767, 3825.000000, 3675.000000, 0, 67.094390, 33.814144, 155.355811
768, 3818.000000, 3637.000000, 0, 82.094880, 26.557743, 159.593419
769, 3783.000000, 3646.000000, 0, 162.607060, 19.390596, 163.665874
770, 3738.000000, 3623.000000, 0, 128.910160, 12.739124, 167.293451
771, 3596.000000, 3460.000000, 0, 97.849884, 6.982297, 170.235443
772, 3530.000000, 3364.000000, 0, 99.325930, 2.411790, 172.322380
773, 3567.000000, 3413.000000, 0, 103.074370, -0.774114, 173.458407
774, 3588.000000, 3431.000000, 0, 86.603640, -2.437375, 173.587852
775, 3600.000000, 3248.000000, 0, 112.428375, -2.507756, 172.697923
776, 3659.000000, 3323.000000, 0, 109.273800, -1.039963, 170.867132
777, 3710.000000, 3381.000000, 0, 115.277890, 1.802311, 168.249925
778, 3717.000000, 3356.000000, 0, 95.681640, 5.818980, 165.011841
779, 3713.000000, 3343.000000, 0, 107.335724, 10.794289, 161.310787
780, 3457.000000, 3362.000000, 0, 105.423490, 16.476214, 157.317109
781, 3525.000000, 3419.000000, 0, 83.594270, 22.612705, 153.184099
782, 3506.000000, 3421.000000, 0, 78.749820, 28.976190, 149.033743
783, 3493.000000, 3397.000000, 0, 77.128570, 35.344082, 144.979776
784, 3517.000000, 3422.000000, 0, 105.240510, 41.501017, 141.120088
785, 3496.000000, 3403.000000, 0, 103.917390, 47.217448, 137.555587
786, 3503.000000, 3389.000000, 0, 102.983950, 52.278159, 134.374542
787, 3571.000000, 3447.000000, 0, 87.918884, 56.532638, 131.618792
788, 3609.000000, 3493.000000, 0, 111.832370, 59.885203, 129.298383
789, 3599.000000, 3475.000000, 0, 88.441500, 62.295775, 127.399555
790, 3647.000000, 3510.000000, 0, 123.066590, 63.819298, 125.870590
791, 3690.000000, 3564.000000, -8, 159.841670, 64.611592, 124.630223
792, 3681.000000, 3569.000000, -8, 178.121520, 64.867776, 123.604076
793, 3673.000000, 3565.000000, -8, 162.358950, 64.745973, 122.745242
794, 3683.000000, 3574.000000, -8, 178.763800, 64.286040, 122.064902
795, 3771.000000, 3677.000000, -8, 171.758360, 63.365989, 121.669726
796, 3763.000000, 3695.000000, -8, 187.681820, 61.792468, 121.709435
797, 3735.000000, 3663.000000, -8, 217.299500, 59.396416, 122.312245
798, 3741.000000, 3654.000000, -8, 210.865420, 56.023432, 123.594777
799, 3744.000000, 3651.000000, -8, 223.711060, 51.533088, 125.659615
800, 3688.000000, 3596.000000, -8, 231.065670, 45.825767, 128.574177
801, 3691.000000, 3593.000000, -8, 213.782710, 38.865027, 132.355537
802, 3751.000000, 3650.000000, -8, 184.302370, 30.700203, 136.956723
803, 3769.000000, 3672.000000, -8, 157.032100, 21.470404, 142.270173
804, 3782.000000, 3677.000000, -8, 165.826050, 11.401800, 148.131231
805, 3806.000000, 3674.000000, -8, 158.307310, 0.795088, 154.324795
806, 3827.000000, 3674.000000, 0, 143.753970, -10.012367, 160.612854
807, 3825.000000, 3655.000000, 0, 142.674220, -20.679578, 166.758312
808, 3787.000000, 3614.000000, 0, 134.742000, -30.878881, 172.536806
809, 3767.000000, 3582.000000, 0, 116.615204, -40.307072, 177.742874
810, 3714.000000, 3541.000000, 0, 109.094300, -48.706600, 182.206735
811, 3730.000000, 3548.000000, 0, 81.938840, -55.840731, 185.769538
812, 3795.000000, 3584.000000, 0, 72.478546, -61.470871, 188.259420
813, 3791.000000, 3584.000000, 0, 71.326385, -65.412633, 189.540348
814, 3823.000000, 3611.000000, 0, 89.799164, -67.569289, 189.539191
815, 3865.000000, 3642.000000, 0, 85.880310, -67.946237, 188.257466
816, 3885.000000, 3671.000000, 0, 96.779205, -66.655054, 185.774330
817, 3920.000000, 3739.000000, 0, 111.234680, -63.897675, 182.231635
818, 3884.000000, 3732.000000, 0, 120.352390, -59.970581, 177.839223
819, 3872.000000, 3705.000000, 0, 139.018190, -55.247723, 172.860862
820, 3910.000000, 3751.000000, 0, 131.383580, -50.129789, 167.574342
821, 3954.000000, 3819.000000, 0, 128.193630, -44.991758, 162.235697
822, 3934.000000, 3801.000000, 0, 116.067230, -40.152468, 157.061349
823, 3924.000000, 3786.000000, 0, 115.200990, -35.870048, 152.226714
824, 3946.000000, 3823.000000, 0, 110.540560, -32.349333, 147.870957
825, 3973.000000, 3863.000000, 0, 96.895874, -29.744926, 144.099099
826, 3968.000000, 3882.000000, 0, 84.783264, -28.143401, 140.968617
827, 3962.000000, 3882.000000, 0, 80.370605, -27.543037, 138.474703
828, 3869.000000, 3797.000000, 0, 75.146420, -27.863051, 136.559805
829, 3879.000000, 3788.000000, 0, 72.239136, -28.965752, 135.130796
830, 3899.000000, 3808.000000, 0, 56.715820, -30.669714, 134.065063
831, 3867.000000, 3763.000000, 0, 49.379090, -32.762764, 133.214364
832, 3858.000000, 3741.000000, 0, 76.167300, -35.028771, 132.420658
833, 3815.000000, 3688.000000, 0, 96.728516, -37.296621, 131.557583
834, 3834.000000, 3688.000000, 0, 86.660250, -39.460517, 130.551326
835, 3873.000000, 3737.000000, 0, 74.924900, -41.452259, 129.357622
836, 3907.000000, 3783.000000, 0, 63.901610, -43.218872, 127.942041
837, 3886.000000, 3777.000000, 0, 63.567260, -44.713648, 126.271778
838, 3858.000000, 3748.000000, 0, 68.174070, -45.900126, 124.320002
839, 3887.000000, 3784.000000, 0, 80.345490, -46.772762, 122.084723
840, 3859.000000, 3774.000000, 0, 79.977325, -47.379726, 119.608115
841, 3843.000000, 3770.000000, 0, 89.554110, -47.834296, 116.987119
842, 3863.000000, 3790.000000, 0, 63.375640, -48.292401, 114.354581
843, 3930.000000, 3861.000000, 0, 45.698610, -48.912658, 111.844434
844, 3939.000000, 3870.000000, 0, 31.673400, -49.809632, 109.549065
845, 3995.000000, 3937.000000, 0, 35.201965, -51.030207, 107.498027
846, 4027.000000, 3974.000000, 0, 38.985718, -52.572695, 105.678500
847, 4041.000000, 3961.000000, 0, 40.754640, -54.397885, 104.048129
848, 4033.000000, 3926.000000, 0, 19.868835, -56.426337, 102.533945
849, 4034.000000, 3940.000000, 0, -2.480255, -58.530003, 101.022946
850, 4062.000000, 3984.000000, 0, -12.535675, -60.523433, 99.348797
851, 4041.000000, 3979.000000, 0, -21.485290, -62.219518, 97.342107
852, 4065.000000, 3997.000000, 0, -36.474945, -63.486046, 94.884284
853, 4069.000000, 4002.000000, 7, -70.459170, -64.253255, 91.916192
854, 4084.000000, 4004.000000, 0, 28.046967, -64.534525, 88.461003
855, 4079.000000, 4002.000000, 0, 45.968903, -64.433796, 84.631766
856, 4153.000000, 4068.000000, 7, -64.805330, -64.116931, 80.601480
857, 4179.000000, 4124.000000, 7, -74.357635, -63.770887, 76.561411
858, 4198.000000, 4156.000000, 0, -61.414032, -63.569134, 72.685695
859, 4217.000000, 4188.000000, 7, -65.052490, -63.641252, 69.099896
860, 4154.000000, 4121.000000, 0, -40.412200, -64.082198, 65.890495
861, 4200.000000, 4168.000000, 0, -36.253815, -64.965139, 63.119887
862, 4209.000000, 4172.000000, 0, -39.029755, -66.305197, 60.793141
863, 4254.000000, 4238.000000, 0, 2.925293, -68.025534, 58.826613
864, 4234.000000, 4240.000000, 0, 4.528717, -70.019324, 57.110714
865, 4198.000000, 4216.000000, 0, -4.362671, -72.221367, 55.579896
866, 4205.000000, 4232.000000, 0, -11.013397, -74.594337, 54.196246
867, 4233.000000, 4279.000000, 0, 5.492401, -77.098064, 52.918120
868, 4248.000000, 4341.000000, 0, 13.923431, -79.679131, 51.692329
869, 4232.000000, 4154.000000, 0, 11.602112, -82.280289, 50.466751
870, 4202.000000, 4139.000000, 0, 2.739960, -84.842746, 49.191664
871, 4123.000000, 4225.000000, 0, -10.627441, -87.296411, 47.804196
872, 4247.000000, 4345.000000, 0, -58.937927, -89.552735, 46.217866
873, 4315.000000, 4370.000000, 0, -87.202330, -91.556591, 44.378999
874, 4293.000000, 4356.000000, 0, -81.057890, -93.324578, 42.309886
875, 4261.000000, 4313.000000, 0, -58.812347, -94.888383, 40.048738
876, 4247.000000, 4294.000000, 0, -56.560730, -96.227923, 37.576903
877, 4235.000000, 4261.000000, 0, -93.321470, -97.315716, 34.865769
878, 4237.000000, 4222.000000, 7, -111.451780, -98.200741, 31.970364
879, 4228.000000, 4224.000000, 7, -126.753174, -99.034685, 29.061867
880, 4138.000000, 4131.000000, 7, -133.662860, -100.019337, 26.372056
881, 4091.000000, 4096.000000, 7, -130.102770, -101.334865, 24.112513
882, 4085.000000, 4086.000000, 7, -112.603000, -103.108427, 22.433751
883, 4119.000000, 4108.000000, 7, -112.937670, -105.377308, 21.383174
884, 4101.000000, 4087.000000, 7, -115.358080, -108.093794, 20.909921
885, 4119.000000, 4123.000000, 0, -104.416230, -111.154385, 20.894848
886, 4176.000000, 4210.000000, 0, -86.468930, -114.408512, 21.159840
887, 4159.000000, 4254.000000, 0, -83.372010, -117.662935, 21.477099
888, 4052.000000, 4163.000000, 0, -83.431244, -120.755100, 21.649597
889, 3969.000000, 4061.000000, 0, -106.746280, -123.582188, 21.544612
890, 4000.000000, 4053.000000, 7, -128.971120, -126.096198, 21.095783
891, 3998.000000, 4075.000000, 7, -136.934900, -128.336214, 20.345845
892, 3985.000000, 4110.000000, 7, -137.522380, -130.415650, 19.436171
893, 3994.000000, 4131.000000, 7, -145.513580, -132.454783, 18.530820
894, 4014.000000, 4174.000000, 7, -163.450700, -134.538002, 17.766427
895, 3991.000000, 4143.000000, 7, -169.367780, -136.741705, 17.279037
896, 3991.000000, 4136.000000, 7, -176.082300, -139.145718, 17.214441
897, 3967.000000, 4090.000000, 7, -186.442120, -141.821160, 17.710947
898, 3921.000000, 4055.000000, 7, -188.523210, -144.816170, 18.878615
899, 3934.000000, 4054.000000, 7, -187.468290, -148.153407, 20.793296
900, 3846.000000, 3942.000000, 7, -193.872380, -151.847369, 23.515721
901, 3864.000000, 3941.000000, 7, -207.471330, -155.934444, 27.124203
902, 3915.000000, 4012.000000, 7, -211.288700, -160.439813, 31.678851
903, 3949.000000, 4043.000000, 7, -215.032470, -165.336503, 37.176023
904, 3886.000000, 4022.000000, 7, -219.115590, -170.583050, 43.585990
905, 3915.000000, 4085.000000, 7, -218.926250, -176.176506, 50.904688
906, 3940.000000, 4131.000000, 7, -208.335650, -182.110893, 59.099000
907, 3950.000000, 4137.000000, 7, -195.305790, -188.308441, 68.017085
908, 3950.000000, 4156.000000, 0, -179.143550, -194.618128, 77.376472
909, 3915.000000, 4153.000000, 0, -176.958160, -200.839359, 86.800857
910, 3866.000000, 4093.000000, 0, -187.108100, -206.765033, 95.893973
911, 3899.000000, 4134.000000, 0, -184.567230, -212.215986, 104.302541
912, 3886.000000, 4154.000000, 0, -178.519290, -217.053333, 111.741444
913, 3895.000000, 4157.000000, 0, -181.379070, -221.175236, 117.994290
914, 3924.000000, 4180.000000, 0, -184.956190, -224.528927, 122.931633
915, 3944.000000, 4219.000000, 0, -182.926330, -227.132487, 126.536291
916, 3868.000000, 4191.000000, 0, -169.353450, -229.085918, 128.901990
917, 3863.000000, 4179.000000, 0, -151.418200, -230.513171, 130.148492
918, 3791.000000, 4135.000000, 0, -125.644440, -231.492960, 130.327943
919, 3740.000000, 4099.000000, 0, -108.514850, -232.019565, 129.381341
920, 3703.000000, 4050.000000, 0, -116.784546, -232.008436, 127.165148
921, 3749.000000, 4037.000000, 0, -125.564224, -231.385894, 123.569782
922, 3738.000000, 3997.000000, 0, -131.010070, -230.140105, 118.584276
923, 3721.000000, 3939.000000, 0, -134.782940, -228.305301, 112.278813
924, 3687.000000, 3940.000000, 0, -122.558624, -225.942911, 104.781796
925, 3676.000000, 3967.000000, 0, 0.811157, -223.138114, 96.271940
926, 3614.000000, 3869.000000, 0, -36.451570, -219.992134, 86.959251
927, 3608.000000, 3867.000000, 0, -64.905945, -216.590244, 77.039084
928, 3600.000000, 3897.000000, 0, -74.413605, -212.999237, 66.686025
929, 3603.000000, 3901.000000, 0, -89.046540, -209.293419, 56.084586
930, 3627.000000, 3911.000000, 0, -65.140170, -205.558408, 45.434300
931, 3618.000000, 3852.000000, 0, -29.415222, -201.898208, 34.955339
932, 3594.000000, 3800.000000, 0, -40.023987, -198.439641, 24.892081
933, 3563.000000, 3682.000000, 0, -35.347840, -195.315907, 15.494373
934, 3616.000000, 3720.000000, 0, -0.256989, -192.650893, 7.001592
935, 3537.000000, 3693.000000, -8, 4.910370, -190.557654, -0.353623
936, 3422.000000, 3586.000000, -8, 0.588409, -189.134319, -6.345410
937, 3418.000000, 3589.000000, -8, 3.239197, -188.455839, -10.768131
938, 3423.000000, 3611.000000, -8, 15.235291, -188.570983, -13.456322
939, 3446.000000, 3617.000000, -8, -9.739746, -189.493305, -14.320098
940, 3448.000000, 3269.000000, 0, -24.769287, -191.186966, -13.383868
941, 3243.000000, 3330.000000, 0, -26.404358, -193.565810, -10.795069
942, 3242.000000, 3328.000000, 0, -15.311768, -196.505917, -6.802689
943, 3323.000000, 3408.000000, 0, -24.321777, -199.855636, -1.738116
944, 3331.000000, 3412.000000, 0, -56.085297, -203.435165, 3.987927